4,0,0,0,0,1.0111,100,0,12,0,0,0,0,0,0,0,0,0,0,0,0,0,0,0,0
4,0,0,0,0,1.0111,100,0,10,0,0,0,0,0,0,0,0,0,0,0,0,0,0,0,0
5,0,0,0,0,1.0079,100,0,9.1,0,0,0,0,0,0,0,0,0,0,0,0,0,0,0,0
11,14.042,0.054248,0,0,0.99007,100,1,28,0,0,0,0,0,0,0,0,0,0,0,0,45557,45283,1.0565,0
11,0,0,0,0,1,100,0,18,0,0,0,0,0,0,0,0,0,0,0,0,0,0,0,0
17,0,0,0,0,1.0222,100,0,8.2,0,0,0,0,0,0,0,0,0,0,0,0,0,0,0,0
19,0,0,0,0,1,100,0,1.2,0,0,0,0,0,0,0,0,0,0,0,0,0,0,0,0
22,0,0,0,0,1.0159,100,0,10,0,0,0,0,0,0,0,0,0,0,0,0,0,0,0,0
24,0,0,0,0,1.0333,100,0,16.1,0,0,0,0,0,0,0,0,0,0,0,0,0,0,0,0
24,0,0,0,0,1.0333,100,0,35.5,0,0,0,0,0,0,0,0,0,0,0,0,0,0,0,0
25,16.478,-2.1226,0,0,1.0185,100,1,36,0,0,0,0,0,0,0,0,0,0,0,0,32572,38589,0,746.47
25,0,0,0,0,1.0222,100,0,27.2,0,0,0,0,0,0,0,0,0,0,0,0,0,0,0,0
40,0,0,0,0,1.0278,100,0,8,0,0,0,0,0,0,0,0,0,0,0,0,0,0,0,0
47,8.823,-0.14264,9.5,-10,1.002,100,1,16,0,0,0,0,0,0,0,0,0,0,0,0,88602,72068,65944,64507
47,8.8237,-0.14264,9.5,-10,1.002,100,1,16,0,0,0,0,0,0,0,0,0,0,0,0,88611,72062,65944,64507
48,0,0,0,0,1,100,0,23,0,0,0,0,0,0,0,0,0,0,0,0,0,0,0,0
48,0,0,0,0,1,100,0,24,0,0,0,0,0,0,0,0,0,0,0,0,0,0,0,0
57,6.709,0.94936,1,0.9,1.0006,100,1,13,0,0,0,0,0,0,0,0,0,0,0,0,1.0108e+05,94779,1.2505e+07,1.2878e+07
64,0,0,0,0,0.98889,100,0,24,0,0,0,0,0,0,0,0,0,0,0,0,0,0,0,0
64,0,0,0,0,0.98889,100,0,27.6,0,0,0,0,0,0,0,0,0,0,0,0,0,0,0,0
69,0,0,0,0,1.0079,100,0,30.04,0,0,0,0,0,0,0,0,0,0,0,0,0,0,0,0
70,0,0,0,0,1.0159,100,0,23,0,0,0,0,0,0,0,0,0,0,0,0,0,0,0,0
85,0,0,0,0,1,100,0,6.68,0,0,0,0,0,0,0,0,0,0,0,0,0,0,0,0
86,0,0,0,0,1.0222,100,0,9.2,0,0,0,0,0,0,0,0,0,0,0,0,0,0,0,0
102,20.397,6.1788,21,-9,1.0029,100,1,46,0,0,0,0,0,0,0,0,0,0,0,0,24836,31174,42903,41892
122,5.5133,1.0923,5,-2,1.0358,100,1,12,0,0,0,0,0,0,0,0,0,0,0,0,98025,1.1534e+05,1.6272e+05,2.0563e+05
124,0,0,0,0,1.0222,100,0,9,0,0,0,0,0,0,0,0,0,0,0,0,0,0,0,0
125,14.245,-0.31661,0,0,0.99366,100,1,26,0,0,0,0,0,0,0,0,0,0,0,0,54091,44641,2466.4,0
125,4.7877,-0.31661,0,0,0.99366,100,1,12,0,0,0,0,0,0,0,0,0,0,0,0,88161,1.3283e+05,2466.4,0
132,8.479,0.0069891,3,-3,0.99825,100,1,17,0,0,0,0,0,0,0,0,0,0,0,0,74624,74994,2.1245e+05,2.1147e+05
132,0,0,1,-1,1,100,0,4,0,0,0,0,0,0,0,0,0,0,0,0,0,0,0,0
132,0,0,3,-3,1,100,0,14,0,0,0,0,0,0,0,0,0,0,0,0,0,0,0,0
132,0,0,3,-3,1,100,0,14,0,0,0,0,0,0,0,0,0,0,0,0,0,0,0,0
137,0,0,0.8,-0.8,1.0159,100,0,18,0,0,0,0,0,0,0,0,0,0,0,0,0,0,0,0
137,9.4665,-0.11266,0.8,-0.8,1.0114,100,1,18,0,0,0,0,0,0,0,0,0,0,0,0,74516,67170,6.9667e+05,9.252e+05
155,0,0,1.76,-1.76,1,100,0,5.3,0,0,0,0,0,0,0,0,0,0,0,0,0,0,0,0
158,8.7356,-2.4363,10,-13,0.93368,100,1,17.9,0,0,0,0,0,0,0,0,0,0,0,0,69385,72792,51131,60194
158,8.7366,-2.4363,10,-13,0.93368,100,1,17.9,0,0,0,0,0,0,0,0,0,0,0,0,69392,72783,51131,60194
176,0,0,10,-4,1,100,0,30,0,0,0,0,0,0,0,0,0,0,0,0,0,0,0,0
187,0,0,8,-8,1,100,0,11,0,0,0,0,0,0,0,0,0,0,0,0,0,0,0,0
187,0,0,2,-2,1,100,0,11,0,0,0,0,0,0,0,0,0,0,0,0,0,0,0,0
190,0,0,14,-14,0.94444,100,0,30,0,0,0,0,0,0,0,0,0,0,0,0,0,0,0,0
192,11.819,0.0067063,0,0,1.0005,100,1,23.5,0,0,0,0,0,0,0,0,0,0,0,0,54437,53800,3581,0
194,7.6864,0.95105,1,0.9,1.0076,100,1,15,0,0,0,0,0,0,0,0,0,0,0,0,86944,82727,1.2971e+07,1.237e+07
194,7.6864,0.95105,1,0.9,1.0076,100,1,15,0,0,0,0,0,0,0,0,0,0,0,0,86944,82727,1.2971e+07,1.237e+07
217,0,0,0,0,1.0222,100,0,11.94,0,0,0,0,0,0,0,0,0,0,0,0,0,0,0,0
224,0,0,2,0,1,100,0,6,0,0,0,0,0,0,0,0,0,0,0,0,0,0,0,0
227,0,0,0,0,1.0079,100,0,7.5,0,0,0,0,0,0,0,0,0,0,0,0,0,0,0,0
236,0,0,0,0,1,100,0,33.5,0,0,0,0,0,0,0,0,0,0,0,0,0,0,0,0
236,0,0,0,0,1,100,0,24.3,0,0,0,0,0,0,0,0,0,0,0,0,0,0,0,0
238,0,0,0,0,1.0222,100,0,8,0,0,0,0,0,0,0,0,0,0,0,0,0,0,0,0
238,17.84,-3.1658,0,0,1.0184,100,1,36,0,0,0,0,0,0,0,0,0,0,0,0,35015,35643,672.03,0
246,0,0,2,0,1,100,0,1,0,0,0,0,0,0,0,0,0,0,0,0,0,0,0,0
246,0,0,10,-10,1,100,0,31,0,0,0,0,0,0,0,0,0,0,0,0,0,0,0,0
246,0,0,10,-10,1,100,0,31,0,0,0,0,0,0,0,0,0,0,0,0,0,0,0,0
246,0,0,10,-10,1,100,0,31,0,0,0,0,0,0,0,0,0,0,0,0,0,0,0,0
256,12.555,-0.44387,10,-10,0.99529,100,1,26,0,0,0,0,0,0,0,0,0,0,0,0,47294,50648,60885,66541
256,12.559,-0.44387,10,-10,0.99529,100,1,26,0,0,0,0,0,0,0,0,0,0,0,0,47308,50632,60885,66541
258,15.752,0.95117,1,0.9,0.99693,100,1,30,0,0,0,0,0,0,0,0,0,0,0,0,44629,40367,1.2996e+07,1.2323e+07
261,0,0,4,-4,1,100,0,8,0,0,0,0,0,0,0,0,0,0,0,0,0,0,0,0
269,0,0,0,0,1,100,0,12.6,0,0,0,0,0,0,0,0,0,0,0,0,0,0,0,0
282,0,0,6.1,-6.2,1,100,0,11.6,0,0,0,0,0,0,0,0,0,0,0,0,0,0,0,0
295,0,0,0,0,0.98889,100,0,25.3,0,0,0,0,0,0,0,0,0,0,0,0,0,0,0,0
296,6.0293,-0.066049,0,0,1.0161,100,1,12,0,0,0,0,0,0,0,0,0,0,0,0,1.065e+05,1.0546e+05,0,477.95
305,0,0,9,-9,1,100,0,15,0,0,0,0,0,0,0,0,0,0,0,0,0,0,0,0
312,13.701,-2.8073,0,0,0.98706,100,1,25.8,0,0,0,0,0,0,0,0,0,0,0,0,52554,46412,0,92.552
312,30.958,-2.8073,0,0,0.98706,100,1,49.6,0,0,0,0,0,0,0,0,0,0,0,0,34108,20540,0,92.552
317,0,0,0,0,1,100,0,0,-7,0,0,0,0,0,0,0,0,0,0,0,0,0,0,0
317,0,0,0,0,1,100,0,0,-7,0,0,0,0,0,0,0,0,0,0,0,0,0,0,0
319,0,0,0.1,-0.1,1,100,0,10.8,0,0,0,0,0,0,0,0,0,0,0,0,0,0,0,0
325,0,0,4,-4,1,100,0,11,0,0,0,0,0,0,0,0,0,0,0,0,0,0,0,0
332,0,0,13,-9,1.0159,100,0,25,0,0,0,0,0,0,0,0,0,0,0,0,0,0,0,0
333,0,0,13,-9,1.0233,100,0,25,0,0,0,0,0,0,0,0,0,0,0,0,0,0,0,0
336,6.6918,-0.51075,5,-6,0.99775,100,1,13,0,0,0,0,0,0,0,0,0,0,0,0,1.008e+05,95023,1.1539e+05,1.1584e+05
338,0,0,10,-10,1,100,0,21,0,0,0,0,0,0,0,0,0,0,0,0,0,0,0,0
338,0,0,0.1,-0.1,1,100,0,2,0,0,0,0,0,0,0,0,0,0,0,0,0,0,0,0
345,0,0,0,0,1.0278,100,0,2.3,0,0,0,0,0,0,0,0,0,0,0,0,0,0,0,0
345,0,0,0,0,1.0278,100,0,19.5,0,0,0,0,0,0,0,0,0,0,0,0,0,0,0,0
348,0,0,0,0,1.0222,100,0,22,0,0,0,0,0,0,0,0,0,0,0,0,0,0,0,0
357,0,0,0,0,1.0159,100,0,12,0,0,0,0,0,0,0,0,0,0,0,0,0,0,0,0
357,0,0,0,0,1.0159,100,0,12,0,0,0,0,0,0,0,0,0,0,0,0,0,0,0,0
364,82.423,-11.239,59,-26,1.0392,100,1,130,0,0,0,0,0,0,0,0,0,0,0,0,13365,7714.9,9053.3,43077
391,0,0,0,0,1,100,0,2.7,0,0,0,0,0,0,0,0,0,0,0,0,0,0,0,0
409,0,0,5,-5,1.0159,100,0,18,0,0,0,0,0,0,0,0,0,0,0,0,0,0,0,0
411,0,0,0,0,1.0222,100,0,10,0,0,0,0,0,0,0,0,0,0,0,0,0,0,0,0
411,0,0,0,0,1.0222,100,0,11.5,0,0,0,0,0,0,0,0,0,0,0,0,0,0,0,0
431,0,0,0,0,1,100,0,12,0,0,0,0,0,0,0,0,0,0,0,0,0,0,0,0
440,0,0,10.96,-11.99,1,100,0,34.25,0,0,0,0,0,0,0,0,0,0,0,0,0,0,0,0
447,12.289,0.30145,8,-9,1.0165,100,1,25,0,0,0,0,0,0,0,0,0,0,0,0,50026,51743,82597,68363
462,0,0,0,0,1.0079,100,0,2.4,0,0,0,0,0,0,0,0,0,0,0,0,0,0,0,0
462,0,0,0,0,1.0079,100,0,16,0,0,0,0,0,0,0,0,0,0,0,0,0,0,0,0
464,14.005,1.529,6,-3,0.98331,100,1,27,1,0,0,0,0,0,0,0,0,0,0,0,48932,48894,1.4222e+05,1.404e+05
464,14.006,1.529,6,-3,0.98331,100,1,27,1,0,0,0,0,0,0,0,0,0,0,0,48937,48889,1.4222e+05,1.404e+05
466,0,0,19,-10,1.0079,100,0,48,1,0,0,0,0,0,0,0,0,0,0,0,0,0,0,0
470,0,0,6,-6,1,100,0,10,0,0,0,0,0,0,0,0,0,0,0,0,0,0,0,0
470,0,0,5.4,-5.4,1,100,0,9,0,0,0,0,0,0,0,0,0,0,0,0,0,0,0,0
479,0,0,17,-16,1,100,0,27,0,0,0,0,0,0,0,0,0,0,0,0,0,0,0,0
479,0,0,17,-16,1,100,0,27,0,0,0,0,0,0,0,0,0,0,0,0,0,0,0,0
479,0,0,17,-16,1,100,0,27,0,0,0,0,0,0,0,0,0,0,0,0,0,0,0,0
491,0,0,8,-17,1.0333,100,0,23.4,0,0,0,0,0,0,0,0,0,0,0,0,0,0,0,0
508,0,0,2,-2,1,100,0,4,0,0,0,0,0,0,0,0,0,0,0,0,0,0,0,0
519,0,0,0,0,1.0159,100,0,10,0,0,0,0,0,0,0,0,0,0,0,0,0,0,0,0
520,0,0,0,0,1.0222,100,0,12,0,0,0,0,0,0,0,0,0,0,0,0,0,0,0,0
530,4.9429,-0.011053,4.8,-4.8,0.99883,100,1,8,0,0,0,0,0,0,0,0,0,0,0,0,2.0802e+05,1.2864e+05,1.3217e+05,1.3278e+05
530,4.9429,-0.011053,4.8,-4.8,0.99883,100,1,8,0,0,0,0,0,0,0,0,0,0,0,0,2.0802e+05,1.2864e+05,1.3217e+05,1.3278e+05
530,4.9429,-0.011053,4.8,-4.8,0.99883,100,1,8,0,0,0,0,0,0,0,0,0,0,0,0,2.0802e+05,1.2864e+05,1.3217e+05,1.3278e+05
537,0,0,0,0,1.0222,100,0,12,0,0,0,0,0,0,0,0,0,0,0,0,0,0,0,0
537,11.732,-2.9916,0,0,1.0219,100,1,24,0,0,0,0,0,0,0,0,0,0,0,0,51830,54201,0,357.64
546,4.513,1.9505,2,1.9,0.99924,100,1,9,0,0,0,0,0,0,0,0,0,0,0,0,1.4171e+05,1.409e+05,1.2835e+07,1.258e+07
548,0,0,2,0,1,100,0,12,0,0,0,0,0,0,0,0,0,0,0,0,0,0,0,0
570,0,0,0,0,1.0159,100,0,12,0,0,0,0,0,0,0,0,0,0,0,0,0,0,0,0
570,0,0,0,0,1.0159,100,0,30,0,0,0,0,0,0,0,0,0,0,0,0,0,0,0,0
570,0,0,0,0,1.0159,100,0,11.5,0,0,0,0,0,0,0,0,0,0,0,0,0,0,0,0
583,8.0439,1.461,7,-4,1,100,1,16,0,0,0,0,0,0,0,0,0,0,0,0,79923,79050,1.148e+05,1.1644e+05
585,0,0,0,0,1.0159,100,0,9,0,0,0,0,0,0,0,0,0,0,0,0,0,0,0,0
586,0,0,5.7,-5.7,1,100,0,9.5,0,0,0,0,0,0,0,0,0,0,0,0,0,0,0,0
589,0,0,0.1,-0.1,1,100,0,1,0,0,0,0,0,0,0,0,0,0,0,0,0,0,0,0
593,0,0,10,-10,1,100,0,21,0,0,0,0,0,0,0,0,0,0,0,0,0,0,0,0
600,0,0,1,-1,1.0159,100,0,6.1,0,0,0,0,0,0,0,0,0,0,0,0,0,0,0,0
610,22.472,-8.5004,45,-45,0.96789,100,1,45,0,0,0,0,0,0,0,0,0,0,0,0,28226,28296,11886,17421
610,0,0,45,-45,0.975,100,0,45,0,0,0,0,0,0,0,0,0,0,0,0,0,0,0,0
612,0,0,0,0,1.0222,100,0,12,0,0,0,0,0,0,0,0,0,0,0,0,0,0,0,0
612,0,0,0,0,1.0222,100,0,12,0,0,0,0,0,0,0,0,0,0,0,0,0,0,0,0
612,0,0,0,0,1.0222,100,0,12,0,0,0,0,0,0,0,0,0,0,0,0,0,0,0,0
613,0,0,0,0,1,100,0,35,0,0,0,0,0,0,0,0,0,0,0,0,0,0,0,0
613,0,0,0,0,1,100,0,11.5,0,0,0,0,0,0,0,0,0,0,0,0,0,0,0,0
624,-2.642,0.28277,8.3,-8.3,0.99225,100,1,8.3,-8.3,0,0,0,0,0,0,0,0,0,0,0,58110,1.124e+05,79314,74086
633,0,0,4,-4,1,100,0,7.3,0,0,0,0,0,0,0,0,0,0,0,0,0,0,0,0
636,0,0,7,0,1.0159,100,0,15,0,0,0,0,0,0,0,0,0,0,0,0,0,0,0,0
636,8.3704,3.2598,7,0,1.0178,100,1,15,0,0,0,0,0,0,0,0,0,0,0,0,95917,75965,1.7001e+05,1.9507e+05
646,129,-0.56255,80,-75,1.0657,100,1,239,0,0,0,0,0,0,0,0,0,0,0,0,5780.9,4929.1,7892.9,8542.4
657,0,0,7,0,1,100,0,7,0,0,0,0,0,0,0,0,0,0,0,0,0,0,0,0
675,0,0,0,0,1.0222,100,0,12,0,0,0,0,0,0,0,0,0,0,0,0,0,0,0,0
675,5.7349,-2.3246,0,0,1.0185,100,1,12,0,0,0,0,0,0,0,0,0,0,0,0,1.0149e+05,1.1088e+05,459.99,0
676,0,0,0,0,1.0278,100,0,7.5,0,0,0,0,0,0,0,0,0,0,0,0,0,0,0,0
676,0,0,0,0,1.0278,100,0,24,0,0,0,0,0,0,0,0,0,0,0,0,0,0,0,0
684,0,0,0,0,1.0219,100,0,6.6,0,0,0,0,0,0,0,0,0,0,0,0,0,0,0,0
685,0,0,0,0,1.0222,100,0,12,0,0,0,0,0,0,0,0,0,0,0,0,0,0,0,0
689,4.4369,0.71113,6,-5,0.94045,100,1,9,0,0,0,0,0,0,0,0,0,0,0,0,1.3935e+05,1.4332e+05,1.2023e+05,1.1134e+05
689,4.4368,0.71113,6,-5,0.94045,100,1,9,0,0,0,0,0,0,0,0,0,0,0,0,1.3935e+05,1.4332e+05,1.2023e+05,1.1134e+05
689,0,0,8,-5,0.94444,100,0,11,0,0,0,0,0,0,0,0,0,0,0,0,0,0,0,0
689,5.4305,1.674,8,-5,0.94045,100,1,11,0,0,0,0,0,0,0,0,0,0,0,0,1.1417e+05,1.1709e+05,1.0052e+05,95276
700,0,0,0,0,1.0222,100,0,32.35,0,0,0,0,0,0,0,0,0,0,0,0,0,0,0,0
700,0,0,0,0,1.0222,100,0,12,0,0,0,0,0,0,0,0,0,0,0,0,0,0,0,0
700,0,0,0,0,1.0222,100,0,21,0,0,0,0,0,0,0,0,0,0,0,0,0,0,0,0
704,17.921,0.088888,15,-17,0.97446,100,1,37,0,0,0,0,0,0,0,0,0,0,0,0,33329,35481,42644,37210
704,17.922,0.088888,15,-17,0.97446,100,1,37,0,0,0,0,0,0,0,0,0,0,0,0,33330,35481,42644,37210
703,18.419,1.022,15,-15,0.9711,100,1,37,0,0,0,0,0,0,0,0,0,0,0,0,34222,34523,45491,39687
703,18.419,1.022,15,-15,0.9711,100,1,37,0,0,0,0,0,0,0,0,0,0,0,0,34222,34522,45491,39687
702,18.421,0.11327,15,-17,0.97154,100,1,37,0,0,0,0,0,0,0,0,0,0,0,0,34225,34519,42714,37157
702,18.42,0.11327,15,-17,0.97154,100,1,37,0,0,0,0,0,0,0,0,0,0,0,0,34224,34520,42714,37157
710,0,0,2,-2,0.94444,100,0,4,0,0,0,0,0,0,0,0,0,0,0,0,0,0,0,0
710,0,0,2.5,-2.5,0.94444,100,0,4,0,0,0,0,0,0,0,0,0,0,0,0,0,0,0,0
710,2.7288,0.16106,3,-3,0.93781,100,1,5.7,0,0,0,0,0,0,0,0,0,0,0,0,2.1401e+05,2.3302e+05,2.2399e+05,2.0116e+05
710,0,0,6,-5,0.94444,100,0,8.5,0,0,0,0,0,0,0,0,0,0,0,0,0,0,0,0
737,0,0,0,0,1.0222,100,0,19.5,0,0,0,0,0,0,0,0,0,0,0,0,0,0,0,0
738,19.216,-0.072233,18,-18,1.0029,100,1,39,0,0,0,0,0,0,0,0,0,0,0,0,32141,33090,35185,35469
739,5.7166,-0.10663,0,0,1.0192,100,1,11.5,0,0,0,0,0,0,0,0,0,0,0,0,1.0995e+05,1.1123e+05,0,263.58
739,12.95,-0.10663,0,0,1.0192,100,1,32,0,0,0,0,0,0,0,0,0,0,0,0,33380,49100,0,263.58
741,0,0,0,0,1,100,0,12,0,0,0,0,0,0,0,0,0,0,0,0,0,0,0,0
741,0,0,0,0,1,100,0,32,0,0,0,0,0,0,0,0,0,0,0,0,0,0,0,0
742,0,0,0.1,-0.1,1,100,0,5,0,0,0,0,0,0,0,0,0,0,0,0,0,0,0,0
749,0,0,3.97,-3.7,1,100,0,6.7,0,0,0,0,0,0,0,0,0,0,0,0,0,0,0,0
749,0,0,3.54,-3,1,100,0,5.6,0,0,0,0,0,0,0,0,0,0,0,0,0,0,0,0
750,13.107,0.031438,15,-15,0.99991,100,1,26.6,0,0,0,0,0,0,0,0,0,0,0,0,47127,48513,42481,42303
751,4.0453,-0.012176,2,-2,1.022,100,1,7,1,0,0,0,0,0,0,0,0,0,0,0,2.1521e+05,2.0881e+05,3.1601e+05,3.1988e+05
756,0,0,3,-3,1,100,0,5,-5,0,0,0,0,0,0,0,0,0,0,0,0,0,0,0
763,0,0,8,-8,0.98889,100,0,23.5,0,0,0,0,0,0,0,0,0,0,0,0,0,0,0,0
765,0,0,0,0,1,100,0,6,0,0,0,0,0,0,0,0,0,0,0,0,0,0,0,0
766,0,0,0,0,1,100,0,6,0,0,0,0,0,0,0,0,0,0,0,0,0,0,0,0
765,17.803,1.9308,10,-6.42,0.99451,100,1,37.5,0,0,0,0,0,0,0,0,0,0,0,0,32282,35718,78803,76145
766,18.876,1.9053,10,-6,1.0025,100,1,37.5,0,0,0,0,0,0,0,0,0,0,0,0,34143,33687,78555,80436
767,0,0,0.06,-0.06,0.825,100,0,0.6,0,0,0,0,0,0,0,0,0,0,0,0,0,0,0,0
767,0,0,2.61,-2.61,0.825,100,0,26.1,0,0,0,0,0,0,0,0,0,0,0,0,0,0,0,0
767,0,0,0.16,-0.16,0.825,100,0,1.6,0,0,0,0,0,0,0,0,0,0,0,0,0,0,0,0
767,0,0,0.11,-0.11,0.825,100,0,1.1,0,0,0,0,0,0,0,0,0,0,0,0,0,0,0,0
771,0,0,0,0,1.0159,100,0,37.5,0,0,0,0,0,0,0,0,0,0,0,0,0,0,0,0
771,15.441,0.80894,0,0,1.0214,100,1,34,0,0,0,0,0,0,0,0,0,0,0,0,34262,41181,0,1244.7
791,0,0,26,-26,0.975,100,0,8,0,0,0,0,0,0,0,0,0,0,0,0,0,0,0,0
791,0,0,26,-26,0.975,100,0,15,0,0,0,0,0,0,0,0,0,0,0,0,0,0,0,0
792,0,0,26,-26,0.975,100,0,19,0,0,0,0,0,0,0,0,0,0,0,0,0,0,0,0
806,16,0.023676,15,-17,0.9719,100,1,31,0,0,0,0,0,0,0,0,0,0,0,0,42392,39741,42459,37352
806,15.996,0.023676,15,-17,0.9719,100,1,31,0,0,0,0,0,0,0,0,0,0,0,0,42381,39751,42459,37352
807,15.608,0.11759,15,-17,0.9703,100,1,31,0,0,0,0,0,0,0,0,0,0,0,0,41312,40740,42727,37147
807,15.606,0.11759,15,-17,0.9703,100,1,31,0,0,0,0,0,0,0,0,0,0,0,0,41306,40746,42727,37147
808,15.607,0.11774,15,-17,0.97029,100,1,31,0,0,0,0,0,0,0,0,0,0,0,0,41309,40743,42727,37147
808,15.61,0.11774,15,-17,0.97029,100,1,31,0,0,0,0,0,0,0,0,0,0,0,0,41318,40734,42727,37147
812,19.676,-0.02287,0,0,1.0068,100,1,40.8,0,0,0,0,0,0,0,0,0,0,0,0,30102,32317,0,11.492
820,15.284,-1.3729,6,-9,1.0152,100,1,32,1,0,0,0,0,0,0,0,0,0,0,0,38041,44515,86245,83370
820,0,0,6,-9,1.0159,100,0,32,1,0,0,0,0,0,0,0,0,0,0,0,0,0,0,0
821,15.121,-1.2739,6,-9,1.0153,100,1,32,1,0,0,0,0,0,0,0,0,0,0,0,37672,45031,87418,82302
821,15.123,-1.2739,6,-9,1.0153,100,1,32,1,0,0,0,0,0,0,0,0,0,0,0,37677,45023,87418,82302
821,15.121,-1.2739,6,-9,1.0153,100,1,32,1,0,0,0,0,0,0,0,0,0,0,0,37672,45031,87418,82302
821,15.121,-1.2739,6,-9,1.0153,100,1,32,1,0,0,0,0,0,0,0,0,0,0,0,37672,45031,87418,82302
831,0,0,3,-3,1,100,0,13,0,0,0,0,0,0,0,0,0,0,0,0,0,0,0,0
831,0,0,3,-3,1,100,0,7,0,0,0,0,0,0,0,0,0,0,0,0,0,0,0,0
834,0,0,0,0,1.0222,100,0,2.4,0,0,0,0,0,0,0,0,0,0,0,0,0,0,0,0
835,13.659,0.13108,10,-10,1.0011,100,1,27,0,0,0,0,0,0,0,0,0,0,0,0,47663,46554,64433,62764
836,0,0,10,-10,0.94444,100,0,20,0,0,0,0,0,0,0,0,0,0,0,0,0,0,0,0
838,0,0,3.14,-3.43,1,100,0,9.8,0,0,0,0,0,0,0,0,0,0,0,0,0,0,0,0
838,0,0,1,0,1,100,0,5,0,0,0,0,0,0,0,0,0,0,0,0,0,0,0,0
841,7.5691,2.951,3,2.9,0.99951,100,1,15,0,0,0,0,0,0,0,0,0,0,0,0,85571,84009,1.2946e+07,1.2396e+07
843,0,0,7.5,-7.5,1,100,0,19,0,0,0,0,0,0,0,0,0,0,0,0,0,0,0,0
843,0,0,7.5,-7.5,1,100,0,15,0,0,0,0,0,0,0,0,0,0,0,0,0,0,0,0
862,0,0,1,0.9,1,100,0,12,0,0,0,0,0,0,0,0,0,0,0,0,0,0,0,0
862,0,0,1,0,1,100,0,12,0,0,0,0,0,0,0,0,0,0,0,0,0,0,0,0
869,7.0354,-0.012512,7,-7,0.99796,100,1,14,0,0,0,0,0,0,0,0,0,0,0,0,91300,90382,90677,91002
870,7.0357,-0.010276,7,-7,0.99802,100,1,14,0,0,0,0,0,0,0,0,0,0,0,0,91305,90378,90706,90973
890,0,0,6,-6,1,100,0,10,0,0,0,0,0,0,0,0,0,0,0,0,0,0,0,0
890,0,0,3,-3,1,100,0,12,0,0,0,0,0,0,0,0,0,0,0,0,0,0,0,0
894,0,0,5,-5,0.975,100,0,13,0,0,0,0,0,0,0,0,0,0,0,0,0,0,0,0
894,0,0,5,-5,0.975,100,0,13,0,0,0,0,0,0,0,0,0,0,0,0,0,0,0,0
894,0,0,5,-5,0.975,100,0,13,0,0,0,0,0,0,0,0,0,0,0,0,0,0,0,0
894,0,0,5,-5,0.975,100,0,13,0,0,0,0,0,0,0,0,0,0,0,0,0,0,0,0
912,0,0,0,0,1.0278,100,0,14,0,0,0,0,0,0,0,0,0,0,0,0,0,0,0,0
945,4.941,1.5132,0,0,1.0025,100,1,8.1,0,0,0,0,0,0,0,0,0,0,0,0,2.0131e+05,1.2869e+05,715.87,0
949,0,0,0.1,-0.1,1,100,0,2,0,0,0,0,0,0,0,0,0,0,0,0,0,0,0,0
970,18.774,8.1968,27,-9,0.99265,100,1,50,0,0,0,0,0,0,0,0,0,0,0,0,20364,33869,33818,36976
972,0,0,0,0,1.0222,100,0,18,0,0,0,0,0,0,0,0,0,0,0,0,0,0,0,0
978,3.97,0.049341,5,-5,0.99295,100,1,8,0,0,0,0,0,0,0,0,0,0,0,0,1.5778e+05,1.6017e+05,1.2844e+05,1.2593e+05
978,3.9699,0.049341,5,-5,0.99295,100,1,8,0,0,0,0,0,0,0,0,0,0,0,0,1.5778e+05,1.6018e+05,1.2844e+05,1.2593e+05
988,0,0,22,-10,1.0278,100,0,49,0,0,0,0,0,0,0,0,0,0,0,0,0,0,0,0
988,0,0,7,-3,1.0278,100,0,15,0,0,0,0,0,0,0,0,0,0,0,0,0,0,0,0
988,0,0,22,-10,1.0278,100,0,49,0,0,0,0,0,0,0,0,0,0,0,0,0,0,0,0
990,0,0,0,0,0.98413,100,0,22,0,0,0,0,0,0,0,0,0,0,0,0,0,0,0,0
992,0,0,1,-1,1.0222,100,0,4,0,0,0,0,0,0,0,0,0,0,0,0,0,0,0,0
1014,1.5392,0.94984,1,0.9,1.0067,100,1,3,0,0,0,0,0,0,0,0,0,0,0,0,4.353e+05,4.1311e+05,1.2673e+07,1.2759e+07
1014,0,0,1,0,1,100,0,3,0,0,0,0,0,0,0,0,0,0,0,0,0,0,0,0
1018,3.5395,0.052395,4,-4,1.0041,100,1,7.2,0,0,0,0,0,0,0,0,0,0,0,0,1.7371e+05,1.7965e+05,1.6108e+05,1.5691e+05
1030,0,0,0,0,1.0222,100,0,20,0,0,0,0,0,0,0,0,0,0,0,0,0,0,0,0
1053,0,0,12,-10,1,100,0,20,0,0,0,0,0,0,0,0,0,0,0,0,0,0,0,0
1055,7.3709,0.41618,0,0,1.0129,100,1,13.8,0,0,0,0,0,0,0,0,0,0,0,0,98907,86267,0,308.24
1055,0,0,0,0,1.0159,100,0,1.2,0,0,0,0,0,0,0,0,0,0,0,0,0,0,0,0
1062,9.2671,1.4802,6,-3,1.0193,100,1,11.8,7,0,0,0,0,0,0,0,0,0,0,0,2.5104e+05,2.8049e+05,1.4069e+05,1.4193e+05
1063,0,0,0,0,1.0222,100,0,8,0,0,0,0,0,0,0,0,0,0,0,0,0,0,0,0
1070,0,0,0,0,0.96825,100,0,12,0,0,0,0,0,0,0,0,0,0,0,0,0,0,0,0
1071,6.0253,1.9505,2,1.9,0.99962,100,1,12,0,0,0,0,0,0,0,0,0,0,0,0,1.0643e+05,1.0553e+05,1.2832e+07,1.2583e+07
1075,0,0,0,0,1.0159,100,0,8,0,0,0,0,0,0,0,0,0,0,0,0,0,0,0,0
1113,16.103,0.22504,6,-6,0.97655,100,1,18,14,0,0,0,0,0,0,0,0,0,0,0,3.3529e+05,3.0229e+05,1.1011e+05,1.0215e+05
1113,6.5724,0.15576,3,-3,0.97655,100,1,8,5,0,0,0,0,0,0,0,0,0,0,0,4.4543e+05,4.0439e+05,2.2357e+05,2.0149e+05
1113,6.5725,0.15576,3,-3,0.97655,100,1,8,5,0,0,0,0,0,0,0,0,0,0,0,4.4543e+05,4.0438e+05,2.2357e+05,2.0149e+05
1113,6.5724,0.15576,3,-3,0.97655,100,1,8,5,0,0,0,0,0,0,0,0,0,0,0,4.4543e+05,4.0438e+05,2.2357e+05,2.0149e+05
1115,9.5294,0.053335,10,-10,1.0009,100,1,18,0,0,0,0,0,0,0,0,0,0,0,0,75070,66726,63929,63249
1115,9.5283,0.053335,10,-10,1.0009,100,1,18,0,0,0,0,0,0,0,0,0,0,0,0,75060,66734,63929,63249
1130,0,0,0.1,-0.1,1,100,0,7,0,0,0,0,0,0,0,0,0,0,0,0,0,0,0,0
1133,0,0,0,0,1.0222,100,0,12,0,0,0,0,0,0,0,0,0,0,0,0,0,0,0,0
1140,0,0,0,0,1,100,0,12,0,0,0,0,0,0,0,0,0,0,0,0,0,0,0,0
1152,0,0,0,0,1.0222,100,0,6,0,0,0,0,0,0,0,0,0,0,0,0,0,0,0,0
1152,0,0,0,0,1.0222,100,0,8,0,0,0,0,0,0,0,0,0,0,0,0,0,0,0,0
1215,30.701,-13.54,40,-40,1.0381,100,1,62,0,0,0,0,0,0,0,0,0,0,0,0,20316,20712,11877,24031
1216,20.057,-0.55352,12.42,-11.59,1.0426,100,1,41.4,0,0,0,0,0,0,0,0,0,0,0,0,29793,31703,49012,57618
1226,0,0,0,0,1.0278,100,0,11.2,0,0,0,0,0,0,0,0,0,0,0,0,0,0,0,0
1251,0,0,20,-10,0.825,100,0,45,0,0,0,0,0,0,0,0,0,0,0,0,0,0,0,0
1251,0,0,20,-10,0.825,100,0,45,0,0,0,0,0,0,0,0,0,0,0,0,0,0,0,0
1261,0,0,0,0,1.0079,100,0,30,0,0,0,0,0,0,0,0,0,0,0,0,0,0,0,0
1263,12.64,-0.45589,0,0,1,100,1,24,0,0,0,0,0,0,0,0,0,0,0,0,55971,50310,222.96,0
1264,12.674,0.20628,0,0,1.0007,100,1,24,0,0,0,0,0,0,0,0,0,0,0,0,56139,50175,471.33,0
1268,0,0,0,0,1.0159,100,0,4.6,0,0,0,0,0,0,0,0,0,0,0,0,0,0,0,0
1282,0,0,0,0,1.0333,100,0,29,0,0,0,0,0,0,0,0,0,0,0,0,0,0,0,0
1282,0,0,0,0,1.0333,100,0,14.3,0,0,0,0,0,0,0,0,0,0,0,0,0,0,0,0
1291,0,0,0.35,-0.35,1,100,0,1.06,0,0,0,0,0,0,0,0,0,0,0,0,0,0,0,0
1291,0,0,2.6,-2.8,1,100,0,8,0,0,0,0,0,0,0,0,0,0,0,0,0,0,0,0
1291,3.9453,-0.15042,2.6,-2.8,0.9985,100,1,8,0,0,0,0,0,0,0,0,0,0,0,0,1.5682e+05,1.6117e+05,2.3119e+05,2.3999e+05
1308,0,0,0.1,-0.1,0.975,100,0,4,0,0,0,0,0,0,0,0,0,0,0,0,0,0,0,0
1315,8.7017,0.9526,1,0.9,0.99637,100,1,17,0,0,0,0,0,0,0,0,0,0,0,0,76627,73074,1.3465e+07,1.1733e+07
1315,8.7028,0.9526,1,0.9,0.99637,100,1,17,0,0,0,0,0,0,0,0,0,0,0,0,76637,73065,1.3465e+07,1.1733e+07
1315,0,0,1,0,1,100,0,7,0,0,0,0,0,0,0,0,0,0,0,0,0,0,0,0
1318,0,0,0,0,1,100,0,0.8,0.6,0,0,0,0,0,0,0,0,0,0,0,0,0,0,0
1318,0,0,0,0,1,100,0,0.8,0.6,0,0,0,0,0,0,0,0,0,0,0,0,0,0,0
1320,0,0,0,0,1.0222,100,0,11.5,0,0,0,0,0,0,0,0,0,0,0,0,0,0,0,0
1320,0,0,0,0,1.0222,100,0,6.9,0,0,0,0,0,0,0,0,0,0,0,0,0,0,0,0
1328,0,0,6.5,-6.5,0.94444,100,0,12.4,0,0,0,0,0,0,0,0,0,0,0,0,0,0,0,0
1330,0,0,1,0.9,1,100,0,5,0,0,0,0,0,0,0,0,0,0,0,0,0,0,0,0
1330,2.5357,0.95129,1,0.9,1.0033,100,1,5,0,0,0,0,0,0,0,0,0,0,0,0,2.5803e+05,2.5077e+05,1.3036e+07,1.2301e+07
1345,0,0,40,-40,1,100,0,72.5,0,0,0,0,0,0,0,0,0,0,0,0,0,0,0,0
1349,5.7563,2.9809,5,1,0.97559,100,1,11,0,0,0,0,0,0,0,0,0,0,0,0,1.2127e+05,1.1046e+05,3.1492e+05,3.2101e+05
1349,5.7563,2.9809,5,1,0.97559,100,1,11,0,0,0,0,0,0,0,0,0,0,0,0,1.2127e+05,1.1046e+05,3.1492e+05,3.2101e+05
1359,9.8963,-2.2883,0,0,1.0031,100,1,18.15,0,0,0,0,0,0,0,0,0,0,0,0,77043,64252,0,1753.9
1359,17.776,-2.2883,0,0,1.0031,100,1,35.7,0,0,0,0,0,0,0,0,0,0,0,0,35478,35770,0,1753.9
1359,14.659,-2.2883,0,0,1.0031,100,1,28.4,0,0,0,0,0,0,0,0,0,0,0,0,46275,43378,0,1753.9
1362,21.277,-1.8774,18,-18,0.99664,100,1,45,0,0,0,0,0,0,0,0,0,0,0,0,26804,29885,31990,39439
1361,21.281,-1.8779,18,-18,0.99664,100,1,45,0,0,0,0,0,0,0,0,0,0,0,0,26809,29880,31989,39441
1368,0,0,7,-5,1.0159,100,0,13,0,0,0,0,0,0,0,0,0,0,0,0,0,0,0,0
1368,6.5751,1.3019,7.56,-5,1.0174,100,1,13,0,0,0,0,0,0,0,0,0,0,0,0,98971,96709,1.0161e+05,1.009e+05
1415,0,0,22,-10,1.0159,100,0,50,5,0,0,0,0,0,0,0,0,0,0,0,0,0,0,0
1425,25.846,1.4023,50,-50,0.9968,100,1,50,0,0,0,0,0,0,0,0,0,0,0,0,26326,24602,13084,12371
1425,25.814,1.4023,50,-50,0.9968,100,1,50,0,0,0,0,0,0,0,0,0,0,0,0,26291,24633,13084,12371
1438,0,0,22,-10,1.0159,100,0,50,5,0,0,0,0,0,0,0,0,0,0,0,0,0,0,0
1445,9.4939,-10.459,0,0,1.0049,100,1,21,0,0,0,0,0,0,0,0,0,0,0,0,55263,66979,539.85,0
1459,0,0,20,-10,0.825,100,0,45,0,0,0,0,0,0,0,0,0,0,0,0,0,0,0,0
1459,0,0,2,-10,0.825,100,0,45,0,0,0,0,0,0,0,0,0,0,0,0,0,0,0,0
1459,0,0,20,-10,0.825,100,0,45,0,0,0,0,0,0,0,0,0,0,0,0,0,0,0,0
1468,0,0,0.3,-0.35,1.0159,100,0,3,0,0,0,0,0,0,0,0,0,0,0,0,0,0,0,0
1469,0,0,0,0,1.0278,100,0,10,0,0,0,0,0,0,0,0,0,0,0,0,0,0,0,0
1479,0,0,0,0,1.0159,100,0,10,0,0,0,0,0,0,0,0,0,0,0,0,0,0,0,0
1500,0,0,0,0,1.0222,100,0,26,0,0,0,0,0,0,0,0,0,0,0,0,0,0,0,0
1502,0,0,0,0,1.0111,100,0,10,0,0,0,0,0,0,0,0,0,0,0,0,0,0,0,0
1502,0,0,0,0,1.0111,100,0,20,0,0,0,0,0,0,0,0,0,0,0,0,0,0,0,0
1522,134.51,19.249,100,-60,1.0131,100,1,239,44,0,0,0,0,0,0,0,0,0,0,0,6085.8,7025.1,7874.5,8023.7
1523,123.83,15.803,70,-45,0.97435,100,1,169,82,0,0,0,0,0,0,0,0,0,0,0,14076,15203,11733,10458
1553,0,0,0,0,1.0222,100,0,20,0,0,0,0,0,0,0,0,0,0,0,0,0,0,0,0
1553,0,0,0,0,1.0222,100,0,15.85,0,0,0,0,0,0,0,0,0,0,0,0,0,0,0,0
1560,24.963,6.6016,22,-9,1.023,100,1,49,1,0,0,0,0,0,0,0,0,0,0,0,26454,26536,41295,40757
1564,0,0,0,0,1.0278,100,0,12,0,0,0,0,0,0,0,0,0,0,0,0,0,0,0,0
1564,0,0,0,0,1.0278,100,0,24,0,0,0,0,0,0,0,0,0,0,0,0,0,0,0,0
1565,0,0,0,0,1.0467,100,0,4,0,0,0,0,0,0,0,0,0,0,0,0,0,0,0,0
1566,0,0,0,0,1.0222,100,0,11.5,0,0,0,0,0,0,0,0,0,0,0,0,0,0,0,0
1570,0,0,0,0,1.0159,100,0,24,0,0,0,0,0,0,0,0,0,0,0,0,0,0,0,0
1570,0,0,0,0,1.0159,100,0,14,0,0,0,0,0,0,0,0,0,0,0,0,0,0,0,0
1584,0,0,6,-8.4,1,100,0,10.2,0,0,0,0,0,0,0,0,0,0,0,0,0,0,0,0
1594,18.347,0.1988,10,-10,1.0003,100,1,33,0,0,0,0,0,0,0,0,0,0,0,0,43395,34658,64877,62348
1594,0,0,0.1,-0.1,1,100,0,6,0,0,0,0,0,0,0,0,0,0,0,0,0,0,0,0
1599,17.93,-1.8905,11,-12,1.013,100,1,36,0,0,0,0,0,0,0,0,0,0,0,0,35189,35464,49329,62899
1599,17.944,-1.8905,11,-12,1.013,100,1,36,0,0,0,0,0,0,0,0,0,0,0,0,35217,35437,49329,62899
1605,22.764,7.6335,20,-10,0.99847,100,1,42,0,0,0,0,0,0,0,0,0,0,0,0,33057,27933,51419,36061
1619,0,0,0,0,1.0278,100,0,22,0,0,0,0,0,0,0,0,0,0,0,0,0,0,0,0
1619,0,0,0,0,1.0278,100,0,10,0,0,0,0,0,0,0,0,0,0,0,0,0,0,0,0
1630,0,0,1,0,1.0378,100,0,78,0,0,0,0,0,0,0,0,0,0,0,0,0,0,0,0
1643,0,0,1,-1,1,100,0,3.7,0.7,0,0,0,0,0,0,0,0,0,0,0,0,0,0,0
1644,0,0,0,0,1,100,0,5.1,0,0,0,0,0,0,0,0,0,0,0,0,0,0,0,0
1644,6,-1.3765,0,0,1.0109,100,1,11.9,0,0,0,0,0,0,0,0,0,0,0,0,1.0778e+05,1.0598e+05,0,2305.5
1645,28.903,-1.8309,10,-13,1.0326,100,1,52,0,0,0,0,0,0,0,0,0,0,0,0,27530,22001,53747,56931
1648,0,0,0.1,-0.1,1,100,0,4,0,0,0,0,0,0,0,0,0,0,0,0,0,0,0,0
1659,0,0,6,-6,1,100,0,15,0,0,0,0,0,0,0,0,0,0,0,0,0,0,0,0
1675,0,0,0,0,1.0111,100,0,10,0,0,0,0,0,0,0,0,0,0,0,0,0,0,0,0
1675,0,0,0,0,1.0111,100,0,17.5,0,0,0,0,0,0,0,0,0,0,0,0,0,0,0,0
1684,6.2145,-0.23903,5,-5,1.0127,100,1,11,0,0,0,0,0,0,0,0,0,0,0,0,1.3288e+05,1.0232e+05,1.2137e+05,1.3356e+05
1684,6.2145,-0.23903,5,-5,1.0127,100,1,11,0,0,0,0,0,0,0,0,0,0,0,0,1.3288e+05,1.0232e+05,1.2137e+05,1.3356e+05
1685,0,0,3,0,1,100,0,27,0,0,0,0,0,0,0,0,0,0,0,0,0,0,0,0
1686,0,0,3,-3,1.0159,100,0,10.33,0,0,0,0,0,0,0,0,0,0,0,0,0,0,0,0
1686,0,0,3,-3,1.0159,100,0,10.33,0,0,0,0,0,0,0,0,0,0,0,0,0,0,0,0
1687,0,0,0,0,1,100,0,12,0,0,0,0,0,0,0,0,0,0,0,0,0,0,0,0
1688,0,0,1,-1,1,100,0,3.2,0.6,0,0,0,0,0,0,0,0,0,0,0,0,0,0,0
1693,3.5883,0.081374,2.13,-1.99,1.0019,100,1,7.1,0,0,0,0,0,0,0,0,0,0,0,0,1.8107e+05,1.7721e+05,3.1039e+05,3.0698e+05
1697,0,0,0,-0,1.0159,100,0,15,0,0,0,0,0,0,0,0,0,0,0,0,0,0,0,0
1697,0,0,0,-0,1.0159,100,0,15,0,0,0,0,0,0,0,0,0,0,0,0,0,0,0,0
1697,0,0,0,-0,1.0159,100,0,15,0,0,0,0,0,0,0,0,0,0,0,0,0,0,0,0
1700,0,0,3,0,1,100,0,31,0,0,0,0,0,0,0,0,0,0,0,0,0,0,0,0
1703,0,0,2,1.9,1,100,0,18,0,0,0,0,0,0,0,0,0,0,0,0,0,0,0,0
1704,0,0,25,-25,1,100,0,40,0,0,0,0,0,0,0,0,0,0,0,0,0,0,0,0
1706,14.961,2.1717,18,-18,1.0011,100,1,28.9,0,0,0,0,0,0,0,0,0,0,0,0,45619,42502,40173,31523
1717,0,0,0,0,1.0159,100,0,2,0,0,0,0,0,0,0,0,0,0,0,0,0,0,0,0
1728,0,0,2.7,-2,0.975,100,0,4.5,0,0,0,0,0,0,0,0,0,0,0,0,0,0,0,0
1728,0,0,8,-8,0.975,100,0,14.5,0,0,0,0,0,0,0,0,0,0,0,0,0,0,0,0
1731,0,0,0,0,1.0278,100,0,4.5,0,0,0,0,0,0,0,0,0,0,0,0,0,0,0,0
1733,0,0,7.5,-7.5,1,100,0,12,0,0,0,0,0,0,0,0,0,0,0,0,0,0,0,0
1740,13.602,-0.34697,14,-14,0.99978,100,1,27,0,0,0,0,0,0,0,0,0,0,0,0,47462,46747,44321,46574
1740,0,0,6,-6,1,100,0,11,0,0,0,0,0,0,0,0,0,0,0,0,0,0,0,0
1747,16.608,0.22097,20,-18,0.9651,100,1,40,0,0,0,0,0,0,0,0,0,0,0,0,27183,38288,32149,34898
1748,16.527,0.19701,20,-18,0.96498,100,1,40,0,0,0,0,0,0,0,0,0,0,0,0,27090,38475,32110,34944
1749,16.59,0.2202,20,-18,0.96491,100,1,40,0,0,0,0,0,0,0,0,0,0,0,0,27163,38328,32148,34899
1803,0,0,0,0,1,100,0,3.6,0,0,0,0,0,0,0,0,0,0,0,0,0,0,0,0
1813,0,0,2,0,1,100,0,10.6,0,0,0,0,0,0,0,0,0,0,0,0,0,0,0,0
1830,0,0,0,0,1.0222,100,0,9.2,0,0,0,0,0,0,0,0,0,0,0,0,0,0,0,0
1837,0,0,0,0,1.0111,100,0,32.7,0,0,0,0,0,0,0,0,0,0,0,0,0,0,0,0
1843,0,0,0,0,1.0159,100,0,16,0,0,0,0,0,0,0,0,0,0,0,0,0,0,0,0
1843,20.145,-5.943,0,0,1.015,100,1,32,0,0,0,0,0,0,0,0,0,0,0,0,53633,31568,25.679,0
1853,0,0,2,-2,1.0159,100,0,5,0,0,0,0,0,0,0,0,0,0,0,0,0,0,0,0
1853,0,0,1,-1,1.0159,100,0,4,0,0,0,0,0,0,0,0,0,0,0,0,0,0,0,0
1861,0,0,0.1,-0.1,1,100,0,6,0,0,0,0,0,0,0,0,0,0,0,0,0,0,0,0
1864,0,0,1,0,1,100,0,6,0,0,0,0,0,0,0,0,0,0,0,0,0,0,0,0
1864,0,0,0.1,-0.1,1,100,0,2,0,0,0,0,0,0,0,0,0,0,0,0,0,0,0,0
1869,12.135,-0.52182,0,0,1.0008,100,1,24,0,0,0,0,0,0,0,0,0,0,0,0,53592,52400,0,2088.5
1869,19.284,-0.52182,0,0,1.0008,100,1,36.5,0,0,0,0,0,0,0,0,0,0,0,0,36935,32974,0,2088.5
1869,23.655,-0.52182,0,0,1.0008,100,1,43.5,0,0,0,0,0,0,0,0,0,0,0,0,32042,26881,0,2088.5
1870,0,0,0,0,1.0222,100,0,10,0,0,0,0,0,0,0,0,0,0,0,0,0,0,0,0
1871,22.963,4.1387,20,-9,0.99426,100,1,44,0,0,0,0,0,0,0,0,0,0,0,0,30226,27691,40090,48397
1872,0,0,3.5,-3.5,1,100,0,5.9,0,0,0,0,0,0,0,0,0,0,0,0,0,0,0,0
1877,0,0,0,0,1,100,0,9,0,0,0,0,0,0,0,0,0,0,0,0,0,0,0,0
1886,0,0,0,0,1.0222,100,0,10,0,0,0,0,0,0,0,0,0,0,0,0,0,0,0,0
1894,10.588,0.15349,4,-4,0.981,100,1,24,0,0,0,0,0,0,0,0,0,0,0,0,47411,60055,1.6531e+05,1.5309e+05
1895,10.588,0.15347,4,-4,0.981,100,1,24,0,0,0,0,0,0,0,0,0,0,0,0,47409,60059,1.6531e+05,1.5309e+05
1896,10.588,0.15349,4,-4,0.981,100,1,24,0,0,0,0,0,0,0,0,0,0,0,0,47411,60056,1.6531e+05,1.5309e+05
1897,10.588,0.15349,4,-4,0.981,100,1,24,0,0,0,0,0,0,0,0,0,0,0,0,47411,60056,1.6531e+05,1.5309e+05
1909,0,0,0,0,1,100,0,1.2,0,0,0,0,0,0,0,0,0,0,0,0,0,0,0,0
1928,0,0,1,-1,1,100,0,3,0,0,0,0,0,0,0,0,0,0,0,0,0,0,0,0
1941,0,0,26,-26,1,100,0,43,0,0,0,0,0,0,0,0,0,0,0,0,0,0,0,0
1940,0,0,20,-20,1,100,0,38,0,0,0,0,0,0,0,0,0,0,0,0,0,0,0,0
1949,0,0,2,1.9,1,100,0,30,0,0,0,0,0,0,0,0,0,0,0,0,0,0,0,0
1960,0,0,2,0,1,100,0,6,0,0,0,0,0,0,0,0,0,0,0,0,0,0,0,0
1968,10.492,1.0554,8,-7,0.98219,100,1,24,0,0,0,0,0,0,0,0,0,0,0,0,47075,60604,91565,78937
1969,10.495,0.71117,1.42,-0.01,0.98177,100,1,24,0,0,0,0,0,0,0,0,0,0,0,0,47086,60586,8.9714e+05,8.8165e+05
1970,10.489,1.0558,8,-7,0.98222,100,1,24,0,0,0,0,0,0,0,0,0,0,0,0,47062,60625,91569,78933
1971,10.489,1.0558,8,-7,0.98222,100,1,24,0,0,0,0,0,0,0,0,0,0,0,0,47062,60626,91569,78934
1972,10.491,1.0555,8,-7,0.98219,100,1,24,0,0,0,0,0,0,0,0,0,0,0,0,47071,60610,91565,78936
1981,14.442,0.45981,10,-10,0.96863,100,1,29,0,0,0,0,0,0,0,0,0,0,0,0,43678,44030,66653,60792
1981,14.441,0.45981,10,-10,0.96863,100,1,29,0,0,0,0,0,0,0,0,0,0,0,0,43676,44032,66653,60792
1982,14.391,-6.9498,5,-18,1.0008,100,1,29,0,0,0,0,0,0,0,0,0,0,0,0,43527,44184,53212,57544
1983,14.349,-5.7686,8,-18,1.0001,100,1,29,0,0,0,0,0,0,0,0,0,0,0,0,43402,44314,46183,51987
1985,0,0,6,-6,1,100,0,8,0,0,0,0,0,0,0,0,0,0,0,0,0,0,0,0
1987,2.5069,-0.016042,2,-2,1.0067,100,1,4.6,0.5,0,0,0,0,0,0,0,0,0,0,0,3.0379e+05,3.1684e+05,3.154e+05,3.2051e+05
1987,0,0,2,-2,1,100,0,4.6,0.5,0,0,0,0,0,0,0,0,0,0,0,0,0,0,0
1993,0,0,2,-2.96,1,100,0,3.6,0,0,0,0,0,0,0,0,0,0,0,0,0,0,0,0
2001,0,0,5,-5,0.94444,100,0,8.5,0,0,0,0,0,0,0,0,0,0,0,0,0,0,0,0
2008,20.383,6.1756,21,-9,1.0027,100,1,46,0,0,0,0,0,0,0,0,0,0,0,0,24823,31196,42894,41901
2019,12.25,-0.00093237,9,-9,1.0041,100,1,24,0,0,0,0,0,0,0,0,0,0,0,0,54117,51908,70645,70660
2020,12.155,-0.012978,9,-9,1.0044,100,1,24,0,0,0,0,0,0,0,0,0,0,0,0,53684,52313,70550,70755
2020,12.162,-0.012978,9,-9,1.0044,100,1,24,0,0,0,0,0,0,0,0,0,0,0,0,53713,52285,70550,70755
2025,0,0,0,0,1.0278,100,0,12,0,0,0,0,0,0,0,0,0,0,0,0,0,0,0,0
2029,1.6343,0.15655,7,-7,0.99945,100,1,30,-30,0,0,0,0,0,0,0,0,0,0,0,22417,20101,92917,88852
2037,0,0,0,0,1.0079,100,0,9,0,0,0,0,0,0,0,0,0,0,0,0,0,0,0,0
2051,18.822,0.73329,19,-16,1.0014,100,1,34,0,0,0,0,0,0,0,0,0,0,0,0,41895,33783,34810,38001
2061,0,0,0,0,1,100,0,12,0,0,0,0,0,0,0,0,0,0,0,0,0,0,0,0
2085,0,0,2,0,1,100,0,5,0,0,0,0,0,0,0,0,0,0,0,0,0,0,0,0
2098,0,0,0,0,1.0079,100,0,16,0,0,0,0,0,0,0,0,0,0,0,0,0,0,0,0
2099,28.139,7.8069,22,-10,1.0127,100,1,54,1,0,0,0,0,0,0,0,0,0,0,0,24588,23430,44801,35710
2103,8.4394,-0.45228,5,-5,1.0108,100,1,16,0,0,0,0,0,0,0,0,0,0,0,0,84104,75345,1.1662e+05,1.3983e+05
2123,0,0,0,0,1.0079,100,0,19.9,0,0,0,0,0,0,0,0,0,0,0,0,0,0,0,0
2123,0,0,0,0,1.0079,100,0,32.4,0,0,0,0,0,0,0,0,0,0,0,0,0,0,0,0
2151,0,0,0,0,1.0222,100,0,10.25,0,0,0,0,0,0,0,0,0,0,0,0,0,0,0,0
2151,0,0,0,0,1.0222,100,0,6,0,0,0,0,0,0,0,0,0,0,0,0,0,0,0,0
2161,15.011,3.9425,13,-6,1.0404,100,1,29,0,0,0,0,0,0,0,0,0,0,0,0,45456,42360,70204,63955
2165,24.422,3.3527,22,-10,0.9968,100,1,45,0,0,0,0,0,0,0,0,0,0,0,0,30900,26037,34101,47621
2166,0,0,0,0,1.0333,100,0,12,0,0,0,0,0,0,0,0,0,0,0,0,0,0,0,0
2182,11.794,0.52654,0,0,0.99795,100,1,24,0,0,0,0,0,0,0,0,0,0,0,0,52095,53916,0,589.15
2182,0,0,0,0,1,100,0,29.92,0,0,0,0,0,0,0,0,0,0,0,0,0,0,0,0
2187,0,0,0,0,1.0278,100,0,9.2,0,0,0,0,0,0,0,0,0,0,0,0,0,0,0,0
2190,0,0,0,0,0.96825,100,0,12,0,0,0,0,0,0,0,0,0,0,0,0,0,0,0,0
2190,0,0,0,0,0.96825,100,0,12,0,0,0,0,0,0,0,0,0,0,0,0,0,0,0,0
2192,0,0,22,-10,1.0222,100,0,47,37,0,0,0,0,0,0,0,0,0,0,0,0,0,0,0
2193,7.5375,-0.20182,9,-9,0.94118,100,1,15,0,0,0,0,0,0,0,0,0,0,0,0,85209,84361,69103,72273
2195,10.023,1.9499,2,1.9,0.99902,100,1,20,0,0,0,0,0,0,0,0,0,0,0,0,63737,63439,1.2693e+07,1.274e+07
2226,0,0,0,0,1.0222,100,0,28,0,0,0,0,0,0,0,0,0,0,0,0,0,0,0,0
2226,0,0,0,0,1.0222,100,0,26,0,0,0,0,0,0,0,0,0,0,0,0,0,0,0,0
2245,0,0,0,0,1.0159,100,0,12,0,0,0,0,0,0,0,0,0,0,0,0,0,0,0,0
2245,0,0,0,0,1.0159,100,0,36,0,0,0,0,0,0,0,0,0,0,0,0,0,0,0,0
2247,0,0,8,-8,0.975,100,0,24,2.5,0,0,0,0,0,0,0,0,0,0,0,0,0,0,0
2247,13.772,0.66264,8,-8,0.98727,100,1,24,2.5,0,0,0,0,0,0,0,0,0,0,0,62167,56414,86663,73404
2281,0,0,0,0,1.0159,100,0,13.8,0,0,0,0,0,0,0,0,0,0,0,0,0,0,0,0
2291,0,0,0,0,1.0222,100,0,12,0,0,0,0,0,0,0,0,0,0,0,0,0,0,0,0
2295,0,0,17,-20,1,100,0,56,0,0,0,0,0,0,0,0,0,0,0,0,0,0,0,0
2297,0,0,20,-20,1,100,0,64,-64,0,0,0,0,0,0,0,0,0,0,0,0,0,0,0
2303,0,0,0,0,1.0159,100,0,10,0,0,0,0,0,0,0,0,0,0,0,0,0,0,0,0
2303,0,0,0,0,1.0159,100,0,10,0,0,0,0,0,0,0,0,0,0,0,0,0,0,0,0
2329,0,0,0,0,1.0159,100,0,12,0,0,0,0,0,0,0,0,0,0,0,0,0,0,0,0
2335,0,0,0,0,1.0159,100,0,11.5,0,0,0,0,0,0,0,0,0,0,0,0,0,0,0,0
2339,0,0,0,0,1.0079,100,0,3.6,0,0,0,0,0,0,0,0,0,0,0,0,0,0,0,0
2341,14.793,1.3305,12,-9,1.018,100,1,28,0,0,0,0,0,0,0,0,0,0,0,0,48147,42984,59597,61554
2341,14.793,1.3305,12,-9,1.018,100,1,28,0,0,0,0,0,0,0,0,0,0,0,0,48147,42985,59597,61554
2341,14.792,1.3305,12,-9,1.018,100,1,28,0,0,0,0,0,0,0,0,0,0,0,0,48146,42986,59597,61554
2342,0,0,1,-1,1,100,0,10,0,0,0,0,0,0,0,0,0,0,0,0,0,0,0,0
2342,0,0,3,0,1,100,0,7,0,0,0,0,0,0,0,0,0,0,0,0,0,0,0,0
2343,0,0,2,-2,1.0222,100,0,7,0,0,0,0,0,0,0,0,0,0,0,0,0,0,0,0
2364,10.852,-0.9569,20,-20,0.96827,100,1,24,0,0,0,0,0,0,0,0,0,0,0,0,48364,58593,30342,33391
2365,10.848,-0.96258,20,-20,0.96827,100,1,24,0,0,0,0,0,0,0,0,0,0,0,0,48349,58615,30334,33401
2366,10.834,-0.98018,20,-20,0.96827,100,1,24,0,0,0,0,0,0,0,0,0,0,0,0,48296,58694,30308,33432
2367,10.841,-0.97609,20,-20,0.96822,100,1,24,0,0,0,0,0,0,0,0,0,0,0,0,48321,58657,30314,33425
2368,9.1953,-0.99195,20,-20,0.96824,100,1,20,0,0,0,0,0,0,0,0,0,0,0,0,58851,69152,30291,33453
2378,0,0,0,0,1.0159,100,0,8,0,0,0,0,0,0,0,0,0,0,0,0,0,0,0,0
2394,6.371,-0.38864,0,0,0.9991,100,1,12,0,0,0,0,0,0,0,0,0,0,0,0,1.1297e+05,99806,0,1211.1
2396,17.556,-0.90657,0,0,0.9977,100,1,34.9,0,0,0,0,0,0,0,0,0,0,0,0,36661,36221,0,5.7262
2396,0,0,0,0,1,100,0,19.3,0,0,0,0,0,0,0,0,0,0,0,0,0,0,0,0
2412,18.682,0.78163,14,-14,1.0023,100,1,36,0,0,0,0,0,0,0,0,0,0,0,0,36717,34037,48105,43018
2414,0,0,0,0,1.0079,100,0,6.9,0,0,0,0,0,0,0,0,0,0,0,0,0,0,0,0
2414,0,0,0,0,1.0079,100,0,19.2,0,0,0,0,0,0,0,0,0,0,0,0,0,0,0,0
2421,0,0,0,0,1.0159,100,0,8,0,0,0,0,0,0,0,0,0,0,0,0,0,0,0,0
2421,0,0,0,0,1.0159,100,0,16,0,0,0,0,0,0,0,0,0,0,0,0,0,0,0,0
2421,0,0,0,0,1.0159,100,0,12,0,0,0,0,0,0,0,0,0,0,0,0,0,0,0,0
2433,0,0,0,0,1.0079,100,0,19.7,0,0,0,0,0,0,0,0,0,0,0,0,0,0,0,0
2437,0,0,0,0,1,100,0,22.6,0,0,0,0,0,0,0,0,0,0,0,0,0,0,0,0
2437,0,0,0,0,1,100,0,1.7,0,0,0,0,0,0,0,0,0,0,0,0,0,0,0,0
2440,0,0,0,0,1,100,0,18,0,0,0,0,0,0,0,0,0,0,0,0,0,0,0,0
2440,0,0,0,0,1,100,0,21,0,0,0,0,0,0,0,0,0,0,0,0,0,0,0,0
2445,0,0,0,0,1.0079,100,0,10.4,0,0,0,0,0,0,0,0,0,0,0,0,0,0,0,0
2444,0,0,0,0,1.0079,100,0,22,0,0,0,0,0,0,0,0,0,0,0,0,0,0,0,0
2460,0,0,8,-8,1.0454,100,0,21,0,0,0,0,0,0,0,0,0,0,0,0,0,0,0,0
2461,0,0,3,-3,1.0159,100,0,4.5,0,0,0,0,0,0,0,0,0,0,0,0,0,0,0,0
2461,0,0,3,-3,1.0159,100,0,4.5,0,0,0,0,0,0,0,0,0,0,0,0,0,0,0,0
2464,0,0,0,0,1.0222,100,0,20.7,0,0,0,0,0,0,0,0,0,0,0,0,0,0,0,0
2475,0,0,0,0,1,100,0,12,0,0,0,0,0,0,0,0,0,0,0,0,0,0,0,0
2481,13.134,-1.5999,0,0,1.0028,100,1,26,0,0,0,0,0,0,0,0,0,0,0,0,49421,48416,0,825.16
2495,0,0,5,-5,1.0159,100,0,12,0,0,0,0,0,0,0,0,0,0,0,0,0,0,0,0
2523,44.704,4.51,19,-8,1.0468,100,1,50,38,0,0,0,0,0,0,0,0,0,0,0,1.2007e+05,94847,43883,50830
2523,44.704,4.51,19,-8,1.0468,100,1,50,38,0,0,0,0,0,0,0,0,0,0,0,1.2007e+05,94846,43883,50830
2529,10.226,1.8646,0,0,1.0027,100,1,20,0,0,0,0,0,0,0,0,0,0,0,0,65061,62179,208.07,0
2529,17.96,1.8646,0,0,1.0027,100,1,36.85,0,0,0,0,0,0,0,0,0,0,0,0,33663,35404,208.07,0
2530,0,0,0,0,1,100,0,12.5,0,0,0,0,0,0,0,0,0,0,0,0,0,0,0,0
2530,0,0,0,0,1,100,0,15,0,0,0,0,0,0,0,0,0,0,0,0,0,0,0,0
2532,4.5262,0.17381,0.96,-0.96,1.0165,100,1,9.6,0,0,0,0,0,0,0,0,0,0,0,0,1.2532e+05,1.4049e+05,8.0889e+05,5.6078e+05
2545,0,0,0,0,1,100,0,5.66,0,0,0,0,0,0,0,0,0,0,0,0,0,0,0,0
2547,0,0,0,0,1,100,0,16,0,0,0,0,0,0,0,0,0,0,0,0,0,0,0,0
2555,0,0,0,0,1,100,0,18.85,0,0,0,0,0,0,0,0,0,0,0,0,0,0,0,0
2555,16.013,-0.19942,0,0,1.0018,100,1,34,0,0,0,0,0,0,0,0,0,0,0,0,35352,39710,0,2120.1
2558,8.0522,1.5709,12,-9,0.99562,100,1,16,0,0,0,0,0,0,0,0,0,0,0,0,80006,78969,60971,60153
2563,0,0,0,0,1.0079,100,0,16.8,0,0,0,0,0,0,0,0,0,0,0,0,0,0,0,0
2576,0,0,0,0,1.0159,100,0,16.8,0,0,0,0,0,0,0,0,0,0,0,0,0,0,0,0
2576,0,0,0,0,1.0159,100,0,13.5,0,0,0,0,0,0,0,0,0,0,0,0,0,0,0,0
2581,0,0,0,0,1.0222,100,0,11.5,0,0,0,0,0,0,0,0,0,0,0,0,0,0,0,0
2586,0,0,0,0,1.0222,100,0,12,0,0,0,0,0,0,0,0,0,0,0,0,0,0,0,0
2586,0,0,0,0,1.0222,100,0,20.7,0,0,0,0,0,0,0,0,0,0,0,0,0,0,0,0
2592,0,0,0,0,0.975,100,0,4.6,0,0,0,0,0,0,0,0,0,0,0,0,0,0,0,0
2601,0,0,0,0,1.0079,100,0,12,0,0,0,0,0,0,0,0,0,0,0,0,0,0,0,0
2601,0,0,0,0,1.0079,100,0,9,0,0,0,0,0,0,0,0,0,0,0,0,0,0,0,0
2610,11.641,-5.2868,0,0,1.0154,100,1,22,0,0,0,0,0,0,0,0,0,0,0,0,61382,54624,0,960.27
2611,0,0,1,-2,1.0159,100,0,8.9,0,0,0,0,0,0,0,0,0,0,0,0,0,0,0,0
2616,0,0,0,0,1.0222,100,0,11.05,0,0,0,0,0,0,0,0,0,0,0,0,0,0,0,0
2624,0,0,0,0,1.0111,100,0,37.5,0,0,0,0,0,0,0,0,0,0,0,0,0,0,0,0
2624,0,0,0,0,1.0111,100,0,12,0,0,0,0,0,0,0,0,0,0,0,0,0,0,0,0
2627,14.218,4.9684,16,-7,1.0165,100,1,28,0,0,0,0,0,0,0,0,0,0,0,0,46139,44722,57641,53129
2640,0,0,0.1,-0.1,1,100,0,5,0,0,0,0,0,0,0,0,0,0,0,0,0,0,0,0
2640,0,0,0.1,-0.1,1,100,0,6,0,0,0,0,0,0,0,0,0,0,0,0,0,0,0,0
2640,0,0,1,0,1,100,0,5,0,0,0,0,0,0,0,0,0,0,0,0,0,0,0,0
2643,0,0,0,0,1,100,0,2.3,0,0,0,0,0,0,0,0,0,0,0,0,0,0,0,0
2644,9.0275,0.088185,10,-10,0.99825,100,1,18,0,0,0,0,0,0,0,0,0,0,0,0,70869,70438,64153,63031
2645,13.014,3.6076,14,-14,1.0121,100,1,22,0,0,0,0,0,0,0,0,0,0,0,0,70762,48861,61185,36114
2645,13.014,3.6076,14,-14,1.0121,100,1,22,0,0,0,0,0,0,0,0,0,0,0,0,70760,48862,61185,36114
2645,18.132,-1.4418,8,-16,1.0121,100,1,29,0,0,0,0,0,0,0,0,0,0,0,0,58506,35070,67346,43679
2646,0,0,0.1,-0.1,1.0042,100,0,1,0,0,0,0,0,0,0,0,0,0,0,0,0,0,0,0
2646,0,0,6,-6,1.0042,100,0,10,0,0,0,0,0,0,0,0,0,0,0,0,0,0,0,0
2646,0,0,5,-5,1.0042,100,0,9,0,0,0,0,0,0,0,0,0,0,0,0,0,0,0,0
2649,0,0,0,0,1.0159,100,0,35,0,0,0,0,0,0,0,0,0,0,0,0,0,0,0,0
2649,0,0,0,0,1.0159,100,0,24,0,0,0,0,0,0,0,0,0,0,0,0,0,0,0,0
2652,14.066,3.9507,4,3.9,0.99382,100,1,28,0,0,0,0,0,0,0,0,0,0,0,0,45633,45208,1.2878e+07,1.2508e+07
2659,0,0,1.7,-1.7,1,100,0,2.6,0,0,0,0,0,0,0,0,0,0,0,0,0,0,0,0
2659,4.865,0.050304,6,-6,0.99551,100,1,9.8,0,0,0,0,0,0,0,0,0,0,0,0,1.2885e+05,1.3071e+05,1.0688e+05,1.051e+05
2660,15.165,-1.3185,12,-15,1.0089,100,1,35,0,0,0,0,0,0,0,0,0,0,0,0,32058,41931,47744,46477
2660,15.165,-1.3185,12,-15,1.0089,100,1,35,0,0,0,0,0,0,0,0,0,0,0,0,32058,41930,47744,46477
2663,0,0,1,0,0.975,100,0,11,0,0,0,0,0,0,0,0,0,0,0,0,0,0,0,0
2664,3.0866,0.95363,1,0.9,1.011,100,1,7,0,0,0,0,0,0,0,0,0,0,0,0,1.6248e+05,2.0602e+05,1.5125e+07,1.089e+07
2663,0,0,0.1,-0.1,0.975,100,0,3,0,0,0,0,0,0,0,0,0,0,0,0,0,0,0,0
2662,0,0,4,-7,0.975,100,0,12,0,0,0,0,0,0,0,0,0,0,0,0,0,0,0,0
2664,0,0,0.1,-0.1,0.975,100,0,4,0,0,0,0,0,0,0,0,0,0,0,0,0,0,0,0
2665,6.0857,-1.2382,4.43,-7,1.0124,100,1,12,0,0,0,0,0,0,0,0,0,0,0,0,1.0751e+05,1.0449e+05,1.1218e+05,1.1036e+05
2669,0,0,20,-10,0.825,100,0,45,0,0,0,0,0,0,0,0,0,0,0,0,0,0,0,0
2669,0,0,20,-10,0.825,100,0,45,0,0,0,0,0,0,0,0,0,0,0,0,0,0,0,0
2669,0,0,20,-10,0.825,100,0,45,0,0,0,0,0,0,0,0,0,0,0,0,0,0,0,0
2669,0,0,2,-10,0.825,100,0,45,0,0,0,0,0,0,0,0,0,0,0,0,0,0,0,0
2669,0,0,20,-10,0.825,100,0,45,0,0,0,0,0,0,0,0,0,0,0,0,0,0,0,0
2674,0,0,0,0,1.0079,100,0,6.15,0,0,0,0,0,0,0,0,0,0,0,0,0,0,0,0
2688,17.21,0.4448,0,0,1.0316,100,1,36.4,0,0,0,0,0,0,0,0,0,0,0,0,33136,36947,0,641.16
2695,7.787,-0.14084,6,-7,0.99699,100,1,15,0,0,0,0,0,0,0,0,0,0,0,0,88158,81657,1.0355e+05,92703
2729,0,0,0,0,1.0222,100,0,21.8,0,0,0,0,0,0,0,0,0,0,0,0,0,0,0,0
2734,8.4612,0.14848,10,-10,0.99631,100,1,17,0,0,0,0,0,0,0,0,0,0,0,0,74468,75152,64546,62657
2734,8.4598,0.14848,10,-10,0.99631,100,1,17,0,0,0,0,0,0,0,0,0,0,0,0,74456,75164,64546,62657
2766,12.489,-1.5243,0,0,1.0004,100,1,26.5,0,0,0,0,0,0,0,0,0,0,0,0,45382,50917,0,1963.6
2776,0,0,0,0,1.0159,100,0,14,0,0,0,0,0,0,0,0,0,0,0,0,0,0,0,0
2812,0,0,0,0,1.0222,100,0,8,0,0,0,0,0,0,0,0,0,0,0,0,0,0,0,0
2813,7.8619,-0.86292,0,0,1.0037,100,1,16.15,0,0,0,0,0,0,0,0,0,0,0,0,76721,80881,0,667.67
2818,0,0,8,-8,1,100,0,20,0,0,0,0,0,0,0,0,0,0,0,0,0,0,0,0
2822,0,0,0,0,1.0222,100,0,12,0,0,0,0,0,0,0,0,0,0,0,0,0,0,0,0
2833,6.003,1.5839,5,-2,1.0168,100,1,12,0,0,0,0,0,0,0,0,0,0,0,0,1.0603e+05,1.0593e+05,1.8614e+05,1.7743e+05
2838,0,0,4.63,-5.56,1.0333,100,0,13.8,0,0,0,0,0,0,0,0,0,0,0,0,0,0,0,0
2840,10.114,-0.72347,0,0,1.0194,100,1,20,0,0,0,0,0,0,0,0,0,0,0,0,64317,62874,109.96,0
2840,5.8553,-0.72347,0,0,1.0194,100,1,12,0,0,0,0,0,0,0,0,0,0,0,0,1.0348e+05,1.086e+05,109.96,0
2843,0,0,0,0,1.0222,100,0,12,0,0,0,0,0,0,0,0,0,0,0,0,0,0,0,0
2843,17.133,-0.10175,0,0,1.0119,100,1,32,0,0,0,0,0,0,0,0,0,0,0,0,42772,37113,2828.8,0
2845,0,0,0,0,1,100,0,2,0,0,0,0,0,0,0,0,0,0,0,0,0,0,0,0
2845,0,0,0,0,1,100,0,12,0,0,0,0,0,0,0,0,0,0,0,0,0,0,0,0
2857,0,0,0,0,1.0079,100,0,17.6,0,0,0,0,0,0,0,0,0,0,0,0,0,0,0,0
2868,0,0,0,0,1.0222,100,0,8,0,0,0,0,0,0,0,0,0,0,0,0,0,0,0,0
2874,0,0,0,0,1.0278,100,0,13.8,0,0,0,0,0,0,0,0,0,0,0,0,0,0,0,0
2876,0,0,0,0,1.0222,100,0,14.8,0,0,0,0,0,0,0,0,0,0,0,0,0,0,0,0
2876,0,0,0,0,1.0222,100,0,2.4,0,0,0,0,0,0,0,0,0,0,0,0,0,0,0,0
2884,0,0,0,0,1.0159,100,0,8.2,0,0,0,0,0,0,0,0,0,0,0,0,0,0,0,0
2899,0,0,9,-9,0.975,100,0,26.5,6,0,0,0,0,0,0,0,0,0,0,0,0,0,0,0
2899,16.506,0.69886,9,-9,0.98398,100,1,26.5,6,0,0,0,0,0,0,0,0,0,0,0,63627,60523,76601,65562
2899,0,0,8,-8,0.975,100,0,22.9,6,0,0,0,0,0,0,0,0,0,0,0,0,0,0,0
2904,0,0,1,0,1,100,0,14,0,0,0,0,0,0,0,0,0,0,0,0,0,0,0,0
2904,0,0,1,0,1,100,0,12,-10,0,0,0,0,0,0,0,0,0,0,0,0,0,0,0
2904,0,0,1,0,1,100,0,12,-10,0,0,0,0,0,0,0,0,0,0,0,0,0,0,0
2908,0,0,5.43,-5.43,1,100,0,16.3,0,0,0,0,0,0,0,0,0,0,0,0,0,0,0,0
2928,0,0,3,-3,1,100,0,6,0,0,0,0,0,0,0,0,0,0,0,0,0,0,0,0
2929,0,0,0,0,1,100,0,8,0,0,0,0,0,0,0,0,0,0,0,0,0,0,0,0
2941,0,0,0,0,1.0222,100,0,34.5,0,0,0,0,0,0,0,0,0,0,0,0,0,0,0,0
2948,0,0,0,0,1.0159,100,0,8,0,0,0,0,0,0,0,0,0,0,0,0,0,0,0,0
2954,0,0,0,0,1.0222,100,0,18,0,0,0,0,0,0,0,0,0,0,0,0,0,0,0,0
2954,0,0,0,0,1.0222,100,0,10,0,0,0,0,0,0,0,0,0,0,0,0,0,0,0,0
2975,0,0,0.47,-1.3,1.0159,100,0,4.7,0,0,0,0,0,0,0,0,0,0,0,0,0,0,0,0
2982,0,0,0,0,1.0278,100,0,8.2,0,0,0,0,0,0,0,0,0,0,0,0,0,0,0,0
2993,16.309,-1.8364,17,-17,0.9975,100,1,34,0,0,0,0,0,0,0,0,0,0,0,0,35944,38989,33758,41934
3020,0,0,1.7,-1.7,1.0159,100,0,17,0,0,0,0,0,0,0,0,0,0,0,0,0,0,0,0
3020,0,0,1.7,-1.7,1.0159,100,0,17,0,0,0,0,0,0,0,0,0,0,0,0,0,0,0,0
3021,0,0,3.59,-3,1,100,0,5,0,0,0,0,0,0,0,0,0,0,0,0,0,0,0,0
3022,6.5913,-0.13248,8,-8,1.0024,100,1,13,0,0,0,0,0,0,0,0,0,0,0,0,99221,96471,78189,80823
3022,6.5911,-0.13248,8,-8,1.0024,100,1,13,0,0,0,0,0,0,0,0,0,0,0,0,99217,96474,78189,80823
3024,0,0,0,0,1.0222,100,0,18.4,0,0,0,0,0,0,0,0,0,0,0,0,0,0,0,0
3027,0,0,0,0,1,100,0,2.4,0,0,0,0,0,0,0,0,0,0,0,0,0,0,0,0
3027,0,0,0,0,1,100,0,12,0,0,0,0,0,0,0,0,0,0,0,0,0,0,0,0
3029,0,0,0,0,1.0222,100,0,11.5,0,0,0,0,0,0,0,0,0,0,0,0,0,0,0,0
3036,0,0,0,0,1.0159,100,0,6.9,0,0,0,0,0,0,0,0,0,0,0,0,0,0,0,0
3038,0,0,0,0,1.0444,100,0,55.4,0,0,0,0,0,0,0,0,0,0,0,0,0,0,0,0
3049,7.6276,9.5587,0,0,1.0118,100,1,16,0,0,0,0,0,0,0,0,0,0,0,0,75948,83366,1047.2,0
3059,0,0,9,-9,1,100,0,15.8,0,0,0,0,0,0,0,0,0,0,0,0,0,0,0,0
3060,0,0,0,0,1.0222,100,0,2,0,0,0,0,0,0,0,0,0,0,0,0,0,0,0,0
3070,8.5533,-0.12804,0,0,1.0133,100,1,17.25,0,0,0,0,0,0,0,0,0,0,0,0,73116,74343,0,887.24
3098,0,0,5,-10,0.94444,100,0,19.5,0,0,0,0,0,0,0,0,0,0,0,0,0,0,0,0
3107,0,0,12,0,1,100,0,9,0,0,0,0,0,0,0,0,0,0,0,0,0,0,0,0
3110,0,0,0,0,1.0378,100,0,54,0,0,0,0,0,0,0,0,0,0,0,0,0,0,0,0
3113,0,0,0,0,1.0079,100,0,11.1,0,0,0,0,0,0,0,0,0,0,0,0,0,0,0,0
3116,14.312,-0.33531,20,-19,0.97247,100,1,38,0,0,0,0,0,0,0,0,0,0,0,0,26843,44430,31270,34068
3117,14.28,-0.32605,20,-19,0.97319,100,1,38,0,0,0,0,0,0,0,0,0,0,0,0,26808,44527,31284,34051
3118,14.283,-0.95472,20,-20,0.97316,100,1,38,0,0,0,0,0,0,0,0,0,0,0,0,26811,44519,30345,33387
3122,0,0,0,0,1.0222,100,0,4.25,0,0,0,0,0,0,0,0,0,0,0,0,0,0,0,0
3123,0,0,10,-10,1,100,0,16.8,0,0,0,0,0,0,0,0,0,0,0,0,0,0,0,0
3123,0,0,17.3,-17.3,1,100,0,16,0,0,0,0,0,0,0,0,0,0,0,0,0,0,0,0
3125,10.706,-0.14738,0,0,0.9993,100,1,20.8,0,0,0,0,0,0,0,0,0,0,0,0,62992,59397,0,134.39
3126,0,0,6,-6,1,100,0,8,0,0,0,0,0,0,0,0,0,0,0,0,0,0,0,0
3131,0,0,0,0,1.0159,100,0,7.2,0,0,0,0,0,0,0,0,0,0,0,0,0,0,0,0
3132,0,0,0,0,1.0222,100,0,10,0,0,0,0,0,0,0,0,0,0,0,0,0,0,0,0
3132,0,0,0,0,1.0222,100,0,18,0,0,0,0,0,0,0,0,0,0,0,0,0,0,0,0
3136,6.5185,0.95251,1,0.9,1.0136,100,1,11,0,0,0,0,0,0,0,0,0,0,0,0,1.419e+05,97546,1.3487e+07,1.1796e+07
3136,8.0984,0.0191,0.1,-0.1,1.0136,100,1,14,0,0,0,0,0,0,0,0,0,0,0,0,1.0775e+05,78516,7.8623e+06,5.2598e+06
3140,0,0,0,0,1.0378,100,0,8,0,0,0,0,0,0,0,0,0,0,0,0,0,0,0,0
3140,0,0,0,0,1.0378,100,0,8,0,0,0,0,0,0,0,0,0,0,0,0,0,0,0,0
3142,0,0,0.5,-0.5,1,100,0,1.5,0,0,0,0,0,0,0,0,0,0,0,0,0,0,0,0
3147,5.0723,-4.7629,0,0,1.0064,100,1,10.5,0,0,0,0,0,0,0,0,0,0,0,0,1.1715e+05,1.2536e+05,1125.5,0
3147,4.148,-4.7629,0,0,1.0064,100,1,8.6,0,0,0,0,0,0,0,0,0,0,0,0,1.4283e+05,1.533e+05,1125.5,0
3151,0,0,0,0,1.0159,100,0,12,0,0,0,0,0,0,0,0,0,0,0,0,0,0,0,0
3157,25.466,7.5204,22,-10,1.0175,100,1,48,5,0,0,0,0,0,0,0,0,0,0,0,28219,31070,43915,36293
3159,8.8618,0.95258,1,0.9,1.0037,100,1,16,0,0,0,0,0,0,0,0,0,0,0,0,89082,71753,1.4286e+07,1.1304e+07
3159,8.8627,0.95258,1,0.9,1.0037,100,1,16,0,0,0,0,0,0,0,0,0,0,0,0,89093,71746,1.4286e+07,1.1304e+07
3159,9.9283,1.0233,12,-12,1.0037,100,1,18,0,0,0,0,0,0,0,0,0,0,0,0,78780,64045,57930,48825
3178,0,0,10,-3,1,100,0,27,0,0,0,0,0,0,0,0,0,0,0,0,0,0,0,0
3178,0,0,10,-3,1,100,0,27,0,0,0,0,0,0,0,0,0,0,0,0,0,0,0,0
3185,0,0,0,0,1,100,0,10,0,0,0,0,0,0,0,0,0,0,0,0,0,0,0,0
3185,0,0,0,0,1,100,0,12,0,0,0,0,0,0,0,0,0,0,0,0,0,0,0,0
3188,7.4482,-7.8009,0,0,1.0116,100,1,18,0,0,0,0,0,0,0,0,0,0,0,0,60260,85378,20.619,0
3188,0,0,0,0,1.0036,100,0,10,0,0,0,0,0,0,0,0,0,0,0,0,0,0,0,0
3210,10.722,1.0019,2,0,1.0199,100,1,20,0,0,0,0,0,0,0,0,0,0,0,0,68535,59306,6.3708e+05,6.3467e+05
3219,0,0,0,0,1,100,0,22.6,0,0,0,0,0,0,0,0,0,0,0,0,0,0,0,0
3219,0,0,0,0,1,100,0,12,0,0,0,0,0,0,0,0,0,0,0,0,0,0,0,0
3238,0,0,0,0,1.0159,100,0,22.3,0,0,0,0,0,0,0,0,0,0,0,0,0,0,0,0
3239,11.364,1.951,2,1.9,0.9953,100,1,22,0,0,0,0,0,0,0,0,0,0,0,0,59786,55954,1.2954e+07,1.2389e+07
3241,0,0,3,-3,1,100,0,5.2,0,0,0,0,0,0,0,0,0,0,0,0,0,0,0,0
3244,0,0,0,0,1.0278,100,0,9.2,0,0,0,0,0,0,0,0,0,0,0,0,0,0,0,0
3246,5.0082,-0.012636,4,-4,1.0022,100,1,10,0,0,0,0,0,0,0,0,0,0,0,0,1.2738e+05,1.2697e+05,1.5847e+05,1.5947e+05
3250,0,0,0,0,1.0222,100,0,8.8,0,0,0,0,0,0,0,0,0,0,0,0,0,0,0,0
3260,0,0,0,0,1.0278,100,0,7.5,0,0,0,0,0,0,0,0,0,0,0,0,0,0,0,0
3264,2.9448,0.0018097,0.1,-0.1,0.99849,100,1,6,0,0,0,0,0,0,0,0,0,0,0,0,2.0813e+05,2.1593e+05,6.4762e+06,6.2434e+06
3265,18.574,-2.6961,0,0,1.0041,100,1,36,0,0,0,0,0,0,0,0,0,0,0,0,36489,34235,1992.4,0
3265,16.768,-2.6961,0,0,1.0041,100,1,32.7,0,0,0,0,0,0,0,0,0,0,0,0,39912,37922,1992.4,0
3265,0,0,0,0,1.0222,100,0,12,0,0,0,0,0,0,0,0,0,0,0,0,0,0,0,0
3266,20.336,-0.64208,25,-20,0.99858,100,1,42,0,0,0,0,0,0,0,0,0,0,0,0,29352,31268,24798,32848
3266,20.337,-0.64208,25,-20,0.99858,100,1,42,0,0,0,0,0,0,0,0,0,0,0,0,29353,31267,24798,32848
3276,0,0,0,0,1,100,0,12,0,0,0,0,0,0,0,0,0,0,0,0,0,0,0,0
3276,0,0,0,0,1,100,0,12,0,0,0,0,0,0,0,0,0,0,0,0,0,0,0,0
3280,15.187,1.9978,20,-15,0.9652,100,1,36.1,0,0,0,0,0,0,0,0,0,0,0,0,30405,41870,35322,37409
3281,14.767,1.1736,20,-15,0.96136,100,1,36.1,0,0,0,0,0,0,0,0,0,0,0,0,29806,43062,33776,39315
3282,14.753,1.1685,20,-15,0.96138,100,1,36.1,0,0,0,0,0,0,0,0,0,0,0,0,29788,43101,33767,39328
3295,0,0,8.5,-8.5,1,100,0,11.4,0,0,0,0,0,0,0,0,0,0,0,0,0,0,0,0
3301,6.6879,0.032733,5,-5,1.0196,100,1,13,0,0,0,0,0,0,0,0,0,0,0,0,1.0074e+05,95077,1.2801e+05,1.2635e+05
3308,8.6457,0.95215,1,0.9,1.0022,100,1,17,0,0,0,0,0,0,0,0,0,0,0,0,76113,73548,1.3349e+07,1.188e+07
3308,8.6457,0.95215,1,0.9,1.0022,100,1,17,0,0,0,0,0,0,0,0,0,0,0,0,76113,73548,1.3349e+07,1.188e+07
3313,0,0,0,0,1,100,0,18,0,0,0,0,0,0,0,0,0,0,0,0,0,0,0,0
3313,5.0434,-0.0096153,0,0,1.0008,100,1,10.2,0,0,0,0,0,0,0,0,0,0,0,0,1.2331e+05,1.2608e+05,1003.1,0
3315,0,0,0,0,1.0222,100,0,12,0,0,0,0,0,0,0,0,0,0,0,0,0,0,0,0
3315,0,0,0,0,1.0222,100,0,19.4,0,0,0,0,0,0,0,0,0,0,0,0,0,0,0,0
3339,0,0,0,0,1.0222,100,0,10,0,0,0,0,0,0,0,0,0,0,0,0,0,0,0,0
3345,0,0,24,-24,1,100,0,51,0.8,0,0,0,0,0,0,0,0,0,0,0,0,0,0,0
3377,0,0,0,0,1.0278,100,0,8,0,0,0,0,0,0,0,0,0,0,0,0,0,0,0,0
3377,0,0,0,0,1.0278,100,0,20,0,0,0,0,0,0,0,0,0,0,0,0,0,0,0,0
3382,19.215,-15.645,0,0,1.0137,100,1,39.8,0,0,0,0,0,0,0,0,0,0,0,0,30890,33093,0,290.5
3383,0,0,0,0,1,100,0,15,0,0,0,0,0,0,0,0,0,0,0,0,0,0,0,0
3405,14.506,5.8762,22,-10,1.0069,100,1,43,0,0,0,0,0,0,0,0,0,0,0,0,22316,43835,39437,40052
3408,12.202,-0.22738,7,-7.51,1.013,100,1,24,0,0,0,0,0,0,0,0,0,0,0,0,53897,52112,87981,87314
3418,0,0,1,-1,1,100,0,7.5,0,0,0,0,0,0,0,0,0,0,0,0,0,0,0,0
3418,3.8144,0.0512,1,-1,0.99902,100,1,7.5,0,0,0,0,0,0,0,0,0,0,0,0,1.7253e+05,1.667e+05,6.702e+05,6.0487e+05
3418,0,0,1,-1,1,100,0,7.5,0,0,0,0,0,0,0,0,0,0,0,0,0,0,0,0
3418,3.8143,0.0512,1,-1,0.99902,100,1,7.5,0,0,0,0,0,0,0,0,0,0,0,0,1.7252e+05,1.6671e+05,6.702e+05,6.0487e+05
3418,0,0,1,-1,1,100,0,7.5,0,0,0,0,0,0,0,0,0,0,0,0,0,0,0,0
3423,19.955,-1.0923,0,0,1.0318,100,1,35,0,0,0,0,0,0,0,0,0,0,0,0,42263,31866,0,7555
3423,20.555,-1.0923,0,0,1.0318,100,1,36,0,0,0,0,0,0,0,0,0,0,0,0,41170,30935,0,7555
3424,11.609,-0.17838,14,-14,0.99656,100,1,23.1,0,0,0,0,0,0,0,0,0,0,0,0,55338,54773,44848,46005
3424,11.609,-0.17838,14,-14,0.99656,100,1,23.1,0,0,0,0,0,0,0,0,0,0,0,0,55338,54773,44848,46005
3431,0,0,0,0,1.0159,100,0,3,0,0,0,0,0,0,0,0,0,0,0,0,0,0,0,0
3434,0,0,0,0,1.0222,100,0,20,0,0,0,0,0,0,0,0,0,0,0,0,0,0,0,0
3437,0,0,0,0,1.0222,100,0,24,0,0,0,0,0,0,0,0,0,0,0,0,0,0,0,0
3440,0,0,0,0,1.0081,100,0,12,0,0,0,0,0,0,0,0,0,0,0,0,0,0,0,0
3440,0,0,0,0,1.0081,100,0,10.5,0,0,0,0,0,0,0,0,0,0,0,0,0,0,0,0
3445,0,0,0,0,1.0079,100,0,1.7,0,0,0,0,0,0,0,0,0,0,0,0,0,0,0,0
3450,0,0,0,0,1.0079,100,0,20.55,0,0,0,0,0,0,0,0,0,0,0,0,0,0,0,0
3451,0,0,0,0,1.0079,100,0,6,0,0,0,0,0,0,0,0,0,0,0,0,0,0,0,0
3454,0,0,0,0,1.0278,100,0,12,0,0,0,0,0,0,0,0,0,0,0,0,0,0,0,0
3461,5.4072,1.8313,0,0,1.0009,100,1,12,0,0,0,0,0,0,0,0,0,0,0,0,96447,1.176e+05,2828.1,0
3468,6.513,-0.18886,8,-8,0.99273,100,1,13.2,0,0,0,0,0,0,0,0,0,0,0,0,95091,97631,77651,81406
3488,0,0,0,0,1.0079,100,0,1.25,0,0,0,0,0,0,0,0,0,0,0,0,0,0,0,0
3491,0,0,0,0,1,100,0,0,-8,0,0,0,0,0,0,0,0,0,0,0,0,0,0,0
3491,36.636,8.2382,17,-10,1.0292,100,1,53,0,0,0,0,0,0,0,0,0,0,0,0,38857,17357,72577,34864
3495,0,0,0,0,1.0079,100,0,21.2,0,0,0,0,0,0,0,0,0,0,0,0,0,0,0,0
3504,23.868,3.9646,15,-15,1.0472,100,1,35,0,0,0,0,0,0,0,0,0,0,0,0,57121,26641,57620,33530
3505,0,0,15,-10,0.975,100,0,50,0,0,0,0,0,0,0,0,0,0,0,0,0,0,0,0
3507,0,0,2.8,-2.8,1,100,0,4.8,0,0,0,0,0,0,0,0,0,0,0,0,0,0,0,0
3508,0,0,0,0,1,100,0,18,0,0,0,0,0,0,0,0,0,0,0,0,0,0,0,0
3513,34.154,0.20892,0,0,0.99957,100,1,48,0,0,0,0,0,0,0,0,0,0,0,0,45925,18618,3935.8,0
3513,8.6704,0.20892,0,0,0.99957,100,1,16,0,0,0,0,0,0,0,0,0,0,0,0,86754,73338,3935.8,0
3521,0,0,16,-16,1,100,0,26.2,0,0,0,0,0,0,0,0,0,0,0,0,0,0,0,0
3530,5.0699,1.7464,0,0,1.0123,100,1,10,0,0,0,0,0,0,0,0,0,0,0,0,1.2898e+05,1.2542e+05,104.41,0
3544,6.3714,0.15306,7.6,-7.6,0.99498,100,1,12.8,0,0,0,0,0,0,0,0,0,0,0,0,98913,99801,85388,82015
3545,0,0,0,0,1.0079,100,0,12,0,0,0,0,0,0,0,0,0,0,0,0,0,0,0,0
3550,0,0,5,-2,1.0159,100,0,12,0,0,0,0,0,0,0,0,0,0,0,0,0,0,0,0
3550,0,0,5,-2,1.0159,100,0,12,0,0,0,0,0,0,0,0,0,0,0,0,0,0,0,0
3550,0,0,5,-2,1.0159,100,0,12,0,0,0,0,0,0,0,0,0,0,0,0,0,0,0,0
3549,0,0,22,-10,1.0415,100,0,43,0,0,0,0,0,0,0,0,0,0,0,0,0,0,0,0
3584,0,0,0,0,1.0278,100,0,10,0,0,0,0,0,0,0,0,0,0,0,0,0,0,0,0
3587,10.173,-2.1204,6,-10,0.98054,100,1,20,0.8,0,0,0,0,0,0,0,0,0,0,0,64708,67840,78306,80698
3587,10.173,-0.0446,4.2,-4.2,0.98054,100,1,20,0.8,0,0,0,0,0,0,0,0,0,0,0,64708,67839,1.4981e+05,1.5302e+05
3586,0,0,4.2,-4.2,0.975,100,0,20,0.8,0,0,0,0,0,0,0,0,0,0,0,0,0,0,0
3586,10.134,-0.062852,4.2,-4.2,0.97984,100,1,20,0.8,0,0,0,0,0,0,0,0,0,0,0,64449,68127,1.4917e+05,1.537e+05
3600,13.139,1.8194,10,-9,1.0118,100,1,23,0,0,0,0,0,0,0,0,0,0,0,0,64486,48395,77732,58770
3600,13.139,1.8194,10,-9,1.0118,100,1,23,0,0,0,0,0,0,0,0,0,0,0,0,64483,48396,77732,58770
3600,13.135,1.8194,10,-9,1.0118,100,1,23,0,0,0,0,0,0,0,0,0,0,0,0,64462,48408,77732,58770
3604,-0.2034,9.4728,30,-10,0.99113,100,1,40,-40,0,0,0,0,0,0,0,0,0,0,0,15816,15978,30977,32654
3604,0.042163,-1.0103,28,-28,0.99113,100,1,50,-50,0,0,0,0,0,0,0,0,0,0,0,12728,12707,21919,23560
3636,0,0,3,-1,1.0016,100,0,2,0,0,0,0,0,0,0,0,0,0,0,0,0,0,0,0
3646,8.4075,0.90484,0,0,1.0032,100,1,14.89,0,0,0,0,0,0,0,0,0,0,0,0,98094,75630,475.26,0
3646,17.764,0.90484,0,0,1.0032,100,1,34.77,0,0,0,0,0,0,0,0,0,0,0,0,37391,35796,475.26,0
3649,0,0,0,0,1.0222,100,0,10,0,0,0,0,0,0,0,0,0,0,0,0,0,0,0,0
3651,3.5867,0.95179,1,0.9,1.0117,100,1,7,0,0,0,0,0,0,0,0,0,0,0,0,1.863e+05,1.7728e+05,1.3152e+07,1.2064e+07
3651,3.5868,0.95179,1,0.9,1.0117,100,1,7,0,0,0,0,0,0,0,0,0,0,0,0,1.863e+05,1.7728e+05,1.3152e+07,1.2064e+07
3652,0,0,12,-12,1.0159,100,0,12,0,0,0,0,0,0,0,0,0,0,0,0,0,0,0,0
3657,0,0,0.1,-0.1,1,100,0,6,0,0,0,0,0,0,0,0,0,0,0,0,0,0,0,0
3660,0,0,0,0,1.0159,100,0,10,0,0,0,0,0,0,0,0,0,0,0,0,0,0,0,0
3661,0,0,1,-1,1.0079,100,0,3,0,0,0,0,0,0,0,0,0,0,0,0,0,0,0,0
3667,0,0,7,-7,1,100,0,12,0,0,0,0,0,0,0,0,0,0,0,0,0,0,0,0
3667,0,0,7,-7,1,100,0,12,0,0,0,0,0,0,0,0,0,0,0,0,0,0,0,0
3668,0,0,3,-3,1,100,0,4.5,0,0,0,0,0,0,0,0,0,0,0,0,0,0,0,0
3684,0,0,2,-2,1.0159,100,0,5,0,0,0,0,0,0,0,0,0,0,0,0,0,0,0,0
3686,0,0,1.8,-1.8,1,100,0,3,0,0,0,0,0,0,0,0,0,0,0,0,0,0,0,0
3692,4.7448,0.20446,6,-6,0.99235,100,1,9.5,0,0,0,0,0,0,0,0,0,0,0,0,1.3372e+05,1.3401e+05,1.0972e+05,1.0249e+05
3694,0,0,0,0,1.0111,100,0,8,0,0,0,0,0,0,0,0,0,0,0,0,0,0,0,0
3696,0,0,5.6,-5.6,1,100,0,8.8,0,0,0,0,0,0,0,0,0,0,0,0,0,0,0,0
3713,0,0,0,0,1.0079,100,0,24,0,0,0,0,0,0,0,0,0,0,0,0,0,0,0,0
3715,9.1165,0.17303,8,-8,1.0209,100,1,18,0,0,0,0,0,0,0,0,0,0,0,0,71579,69750,81241,77802
3716,0,0,17,-11,1,100,0,19,0,0,0,0,0,0,0,0,0,0,0,0,0,0,0,0
3717,22.54,-0.82516,17,-17,1.0056,100,1,44,0,0,0,0,0,0,0,0,0,0,0,0,29630,28211,35673,39312
3744,0,0,6,-7,1,100,0,9,0,0,0,0,0,0,0,0,0,0,0,0,0,0,0,0
3748,8.3507,0.24874,4.6,-4.1,0.99802,100,1,11.2,5.6,0,0,0,0,0,0,0,0,0,0,0,2.2317e+05,2.3117e+05,1.4613e+05,1.4622e+05
3753,21.832,-1.9306,0,0,1.0239,100,1,43,0,0,0,0,0,0,0,0,0,0,0,0,30040,29125,1431.6,0
3758,8.011,-2.0467,0,0,0.9774,100,1,10,0,0,0,0,0,0,0,0,0,0,0,0,3.1985e+05,79369,310.77,0
3758,13.113,-2.0467,0,0,0.9774,100,1,20,0,0,0,0,0,0,0,0,0,0,0,0,92337,48491,310.77,0
3760,0,0,0,0,1.0079,100,0,22.05,0,0,0,0,0,0,0,0,0,0,0,0,0,0,0,0
3761,5.4633,0.20918,1.2,-1.2,1.0161,100,1,12,0,0,0,0,0,0,0,0,0,0,0,0,97275,1.1639e+05,6.4182e+05,4.5121e+05
3796,0,0,0,0,1,100,0,10,0,0,0,0,0,0,0,0,0,0,0,0,0,0,0,0
3796,0,0,0,0,1,100,0,10,0,0,0,0,0,0,0,0,0,0,0,0,0,0,0,0
3799,12.228,0.55103,0,0,0.99262,100,1,26.25,0,0,0,0,0,0,0,0,0,0,0,0,45348,52002,0,204.21
3799,9.5148,0.55103,0,0,0.99262,100,1,20.25,0,0,0,0,0,0,0,0,0,0,0,0,59232,66831,0,204.21
3799,0,0,0,0,1,100,0,10,0,0,0,0,0,0,0,0,0,0,0,0,0,0,0,0
3801,10.177,-0.34321,0,0,1.0108,100,1,20.02,0,0,0,0,0,0,0,0,0,0,0,0,64601,62482,290.46,0
3801,10.341,-0.34321,0,0,1.0108,100,1,20.35,0,0,0,0,0,0,0,0,0,0,0,0,63533,61488,290.46,0
3816,14.196,2.9865,12,-8,0.97521,100,1,37.8,0,0,0,0,0,0,0,0,0,0,0,0,26939,44792,70547,57878
3817,14.12,2.9939,12,-8,0.97587,100,1,37.8,0,0,0,0,0,0,0,0,0,0,0,0,26852,45035,70604,57839
3818,14.113,2.9917,12,-8,0.97586,100,1,37.8,0,0,0,0,0,0,0,0,0,0,0,0,26845,45057,70588,57850
3822,0,0,0,0,1.0222,100,0,27.2,0,0,0,0,0,0,0,0,0,0,0,0,0,0,0,0
3826,14.781,-0.30115,0,0,1.0005,100,1,30,0,0,0,0,0,0,0,0,0,0,0,0,41783,43018,0,1422.2
3836,0,0,0,0,1,100,0,9.1,0,0,0,0,0,0,0,0,0,0,0,0,0,0,0,0
3842,6.0761,-0.009753,7.2,-7.2,0.99622,100,1,12,0,0,0,0,0,0,0,0,0,0,0,0,1.0734e+05,1.0465e+05,88196,88436
3842,6.5759,0.0015627,7.8,-7.8,0.99622,100,1,13,0,0,0,0,0,0,0,0,0,0,0,0,98983,96697,81538,81506
3853,10.696,0.94699,6,-4,0.99683,100,1,22,0,0,0,0,0,0,0,0,0,0,0,0,56250,59452,1.2584e+05,1.2854e+05
3863,0,0,0,0,1.0222,100,0,6.68,0,0,0,0,0,0,0,0,0,0,0,0,0,0,0,0
3868,4.6218,-0.088065,3,-3,1.0227,100,1,9,0,0,0,0,0,0,0,0,0,0,0,0,1.4524e+05,1.3758e+05,2.0591e+05,2.1837e+05
3869,0,0,0,0,1,100,0,10,0,0,0,0,0,0,0,0,0,0,0,0,0,0,0,0
3876,0,0,0,0,1,100,0,8,0,0,0,0,0,0,0,0,0,0,0,0,0,0,0,0
3889,0,0,0,0,1.0278,100,0,12,0,0,0,0,0,0,0,0,0,0,0,0,0,0,0,0
3893,0,0,1,-1,1.0079,100,0,2,0,0,0,0,0,0,0,0,0,0,0,0,0,0,0,0
3893,0,0,1,-1,1.0079,100,0,2,0,0,0,0,0,0,0,0,0,0,0,0,0,0,0,0
3904,0,0,0,0,1.0079,100,0,13.2,0,0,0,0,0,0,0,0,0,0,0,0,0,0,0,0
3904,0,0,0,0,1.0079,100,0,18,0,0,0,0,0,0,0,0,0,0,0,0,0,0,0,0
3919,0,0,5,-4.5,1,100,0,7,0,0,0,0,0,0,0,0,0,0,0,0,0,0,0,0
3924,16.303,0.46523,0,0,0.99835,100,1,32,0,0,0,0,0,0,0,0,0,0,0,0,40510,39003,0,407.54
3925,27.485,-9.5037,0,0,1.0023,100,1,55,0,0,0,0,0,0,0,0,0,0,0,0,23110,23135,739.57,0
3927,0,0,2,-3,1.0159,100,0,7,0,0,0,0,0,0,0,0,0,0,0,0,0,0,0,0
3939,0,0,0,0,1,100,0,17.2,0,0,0,0,0,0,0,0,0,0,0,0,0,0,0,0
3940,0,0,0,0,1,100,0,11.69,0,0,0,0,0,0,0,0,0,0,0,0,0,0,0,0
3951,12.749,1.1608,0,0,1.0226,100,1,36,0,0,0,0,0,0,0,0,0,0,0,0,27348,49877,0,2266.1
3969,20.12,0.15427,6,-6,0.98128,100,1,40,1,0,0,0,0,0,0,0,0,0,0,0,31986,33257,1.0878e+05,1.0332e+05
3969,20.121,0.15427,6,-6,0.98128,100,1,40,1,0,0,0,0,0,0,0,0,0,0,0,31987,33255,1.0878e+05,1.0332e+05
3968,20.508,-4.7519,5,-15,0.97444,100,1,40,1,0,0,0,0,0,0,0,0,0,0,0,32622,32595,65205,62048
3968,20.508,-4.7519,5,-15,0.97444,100,1,40,1,0,0,0,0,0,0,0,0,0,0,0,32622,32596,65205,62048
3977,0,0,0.1,-0.1,1,100,0,2.2,0,0,0,0,0,0,0,0,0,0,0,0,0,0,0,0
3977,0,0,4,3.9,1,100,0,12,0,0,0,0,0,0,0,0,0,0,0,0,0,0,0,0
3987,0,0,1,-1,1.0159,100,0,2,0,0,0,0,0,0,0,0,0,0,0,0,0,0,0,0
3987,0,0,3,-3,1.0159,100,0,8,0,0,0,0,0,0,0,0,0,0,0,0,0,0,0,0
3987,4.0207,0.24986,3,-3,1.0134,100,1,8,0,0,0,0,0,0,0,0,0,0,0,0,1.5979e+05,1.5815e+05,2.3122e+05,1.9566e+05
3998,0,0,0,0,1,100,0,12,0,0,0,0,0,0,0,0,0,0,0,0,0,0,0,0
3998,12.349,-1.8241,0,0,1.0147,100,1,24.8,0,0,0,0,0,0,0,0,0,0,0,0,51070,51491,0,1907
4000,0,0,0,0,1.0222,100,0,13.8,0,0,0,0,0,0,0,0,0,0,0,0,0,0,0,0
4000,11.192,-0.23907,0,0,1.0121,100,1,22.7,0,0,0,0,0,0,0,0,0,0,0,0,55255,56815,119.84,0
4025,0,0,6.5,-6.5,1,100,0,10.6,0,0,0,0,0,0,0,0,0,0,0,0,0,0,0,0
4029,0,0,11,-11,0.94444,100,0,18,0,0,0,0,0,0,0,0,0,0,0,0,0,0,0,0
4031,0,0,0,0,1.0111,100,0,30.4,0,0,0,0,0,0,0,0,0,0,0,0,0,0,0,0
4031,0,0,0,0,1.0111,100,0,16,0,0,0,0,0,0,0,0,0,0,0,0,0,0,0,0
4054,0,0,0,0,1.0079,100,0,26,0,0,0,0,0,0,0,0,0,0,0,0,0,0,0,0
4055,11.278,-2.4789,6,-11,1.0189,100,1,27,0,0,0,0,0,0,0,0,0,0,0,0,40442,56388,74994,74624
4055,11.278,-2.4789,6,-11,1.0189,100,1,27,0,0,0,0,0,0,0,0,0,0,0,0,40444,56384,74994,74624
4065,0,0,0,0,1.0079,100,0,17.1,0,0,0,0,0,0,0,0,0,0,0,0,0,0,0,0
4071,0,0,0,0,1.0278,100,0,2.4,0,0,0,0,0,0,0,0,0,0,0,0,0,0,0,0
4108,0,0,0,0,1.0222,100,0,12,0,0,0,0,0,0,0,0,0,0,0,0,0,0,0,0
4125,0,0,0,0,1.0079,100,0,6.9,0,0,0,0,0,0,0,0,0,0,0,0,0,0,0,0
4129,6.0044,0.1049,5,-5,0.99665,100,1,12.3,0,0,0,0,0,0,0,0,0,0,0,0,1.01e+05,1.059e+05,1.299e+05,1.2456e+05
4129,0,0,5,-5,1,100,0,12.3,0,0,0,0,0,0,0,0,0,0,0,0,0,0,0,0
4129,6.0044,0.1049,5,-5,0.99665,100,1,12.3,0,0,0,0,0,0,0,0,0,0,0,0,1.01e+05,1.059e+05,1.299e+05,1.2456e+05
4131,0,0,2,-2,1.0159,100,0,5,0,0,0,0,0,0,0,0,0,0,0,0,0,0,0,0
4131,0,0,2,-2,1.0159,100,0,5,0,0,0,0,0,0,0,0,0,0,0,0,0,0,0,0
4169,11.728,-0.4232,10,-10,0.995,100,1,24,0,0,0,0,0,0,0,0,0,0,0,0,51813,54220,61005,66397
4198,0,0,0,0,1.0222,100,0,12,0,0,0,0,0,0,0,0,0,0,0,0,0,0,0,0
4198,0,0,0,0,1.0222,100,0,12,0,0,0,0,0,0,0,0,0,0,0,0,0,0,0,0
4217,0,0,0,0,1.0159,100,0,12,0,0,0,0,0,0,0,0,0,0,0,0,0,0,0,0
4216,0,0,0,0,1.0159,100,0,10,0,0,0,0,0,0,0,0,0,0,0,0,0,0,0,0
4231,6.0748,6.6853,13,0,0.99708,100,1,13,0,0,0,0,0,0,0,0,0,0,0,0,91818,1.0468e+05,1.007e+05,95114
4235,0,0,0,0,1.0222,100,0,16.4,0,0,0,0,0,0,0,0,0,0,0,0,0,0,0,0
4244,21.664,3.4008,42,-42,1.0018,100,1,42,0,0,0,0,0,0,0,0,0,0,0,0,31269,29351,16474,14006
4245,8.7895,0.055472,5.21,-5,1.0169,100,1,19,0,0,0,0,0,0,0,0,0,0,0,0,62275,72346,1.2336e+05,1.2578e+05
4260,0,0,0,0,1.0079,100,0,15.5,0,0,0,0,0,0,0,0,0,0,0,0,0,0,0,0
4260,0,0,0,0,1.0079,100,0,25.7,0,0,0,0,0,0,0,0,0,0,0,0,0,0,0,0
4274,6.439,0.015018,5,-5,0.97348,100,1,12,0,0,0,0,0,0,0,0,0,0,0,0,1.1435e+05,98751,1.2756e+05,1.2679e+05
4274,6.4391,0.015018,5,-5,0.97348,100,1,12,0,0,0,0,0,0,0,0,0,0,0,0,1.1435e+05,98750,1.2756e+05,1.2679e+05
4275,0,0,5,-5,1.0191,100,0,12,0,0,0,0,0,0,0,0,0,0,0,0,0,0,0,0
4275,6.2423,0.030867,5,-5,1.0179,100,1,12,0,0,0,0,0,0,0,0,0,0,0,0,1.1044e+05,1.0186e+05,1.2796e+05,1.264e+05
4293,0,0,2,-2,1.0159,100,0,5,0,0,0,0,0,0,0,0,0,0,0,0,0,0,0,0
4299,22.84,-8.1036,20,-34,0.99971,100,1,46,0,0,0,0,0,0,0,0,0,0,0,0,27455,27841,22626,24554
4300,0,0,3.6,-3.6,1,100,0,6,0,0,0,0,0,0,0,0,0,0,0,0,0,0,0,0
4301,0,0,0,0,1,100,0,1.74,0,0,0,0,0,0,0,0,0,0,0,0,0,0,0,0
4305,0,0,0,0,1.0079,100,0,8.1,0,0,0,0,0,0,0,0,0,0,0,0,0,0,0,0
4309,0,0,0,0,1,100,0,13.8,0,0,0,0,0,0,0,0,0,0,0,0,0,0,0,0
4309,0,0,0,0,1,100,0,15,0,0,0,0,0,0,0,0,0,0,0,0,0,0,0,0
4315,22.507,-2.1393,25,-25,1.0039,100,1,44,0,0,0,0,0,0,0,0,0,0,0,0,29585,28252,23430,27815
4319,9.1811,0.9513,14,-14,1.0056,100,1,18,0,0,0,0,0,0,0,0,0,0,0,0,72103,69259,48731,42530
4320,0,0,0.1,-0.1,1,100,0,4,0,0,0,0,0,0,0,0,0,0,0,0,0,0,0,0
4324,0,0,35,-35,1.0111,100,0,58,0,0,0,0,0,0,0,0,0,0,0,0,0,0,0,0
4326,0,0,0,0,1.0079,100,0,11,0,0,0,0,0,0,0,0,0,0,0,0,0,0,0,0
4326,0,0,2,-2,1.0079,100,0,6,0,0,0,0,0,0,0,0,0,0,0,0,0,0,0,0
4327,19.438,-1.1504,24,-24,0.99657,100,1,39,0,0,0,0,0,0,0,0,0,0,0,0,32506,32713,25283,27829
4337,0,0,0,0,1,100,0,10,0,0,0,0,0,0,0,0,0,0,0,0,0,0,0,0
4337,16.076,-1.4919,0,0,1.0018,100,1,33,0,0,0,0,0,0,0,0,0,0,0,0,37573,39553,0,1370.6
4345,13.294,1.9524,2,1.9,1.0014,100,1,26,0,0,0,0,0,0,0,0,0,0,0,0,50045,47832,1.3458e+07,1.1762e+07
4352,0,0,1,0.9,1,100,0,11,0,0,0,0,0,0,0,0,0,0,0,0,0,0,0,0
4371,7.3431,2.9512,3,2.9,1.0046,100,1,15,0,0,0,0,0,0,0,0,0,0,0,0,83045,86596,1.3019e+07,1.2292e+07
4371,0,0,0.1,-0.1,1,100,0,2,0,0,0,0,0,0,0,0,0,0,0,0,0,0,0,0
4376,0,0,0,0,1.0159,100,0,4,0,0,0,0,0,0,0,0,0,0,0,0,0,0,0,0
4379,0,0,0,0,1.0222,100,0,16,0,0,0,0,0,0,0,0,0,0,0,0,0,0,0,0
4384,0,0,1,-1,1.0159,100,0,2,0,0,0,0,0,0,0,0,0,0,0,0,0,0,0,0
4384,0,0,1,-1,1.0159,100,0,2,0,0,0,0,0,0,0,0,0,0,0,0,0,0,0,0
4384,0,0,2,-2,1.0159,100,0,5,0,0,0,0,0,0,0,0,0,0,0,0,0,0,0,0
4393,0,0,0,0,1.0079,100,0,13.6,0,0,0,0,0,0,0,0,0,0,0,0,0,0,0,0
4413,0,0,0,0,1.0079,100,0,2.6,0,0,0,0,0,0,0,0,0,0,0,0,0,0,0,0
4413,0,0,0,0,1.0079,100,0,17.9,0,0,0,0,0,0,0,0,0,0,0,0,0,0,0,0
4414,0,0,0,0,1.0061,100,0,6,0,0,0,0,0,0,0,0,0,0,0,0,0,0,0,0
4414,0,0,0,0,1.0061,100,0,10.25,0,0,0,0,0,0,0,0,0,0,0,0,0,0,0,0
4415,0,0,1,-1,1.0159,100,0,3,0,0,0,0,0,0,0,0,0,0,0,0,0,0,0,0
4431,0,0,2,-2,1,100,0,6,0,0,0,0,0,0,0,0,0,0,0,0,0,0,0,0
4449,0,0,0,0,1,100,0,12,0,0,0,0,0,0,0,0,0,0,0,0,0,0,0,0
4449,0,0,0,0,1,100,0,4,0,0,0,0,0,0,0,0,0,0,0,0,0,0,0,0
4451,11.816,-1.3488,16.07,-17,1.0239,100,1,26,0,0,0,0,0,0,0,0,0,0,0,0,44831,53813,36505,40628
4451,11.816,-1.3488,16.07,-17,1.0239,100,1,26,0,0,0,0,0,0,0,0,0,0,0,0,44832,53812,36505,40628
4455,15.394,-0.85543,0,0,1.0059,100,1,29.9,0,0,0,0,0,0,0,0,0,0,0,0,43837,41305,0,1654.7
4456,6.9098,-0.17599,0,0,0.99902,100,1,13.7,0,0,0,0,0,0,0,0,0,0,0,0,93646,92025,2219,0
4475,0,0,0,0,1,100,0,10,0,0,0,0,0,0,0,0,0,0,0,0,0,0,0,0
4477,0,0,1,-1,1,100,0,50,0,0,0,0,0,0,0,0,0,0,0,0,0,0,0,0
4478,9.9805,0.11239,2.02,-2,0.98607,100,1,23.7,0,0,0,0,0,0,0,0,0,0,0,0,46348,63713,3.3334e+05,3.0102e+05
4479,10.484,2.2115,7,-3,0.98249,100,1,23.7,0,0,0,0,0,0,0,0,0,0,0,0,48115,60650,1.3279e+05,1.2201e+05
4480,10.487,2.2136,7,-3,0.98247,100,1,23.7,0,0,0,0,0,0,0,0,0,0,0,0,48125,60635,1.3285e+05,1.2196e+05
4481,10.483,2.2145,7,-3,0.98251,100,1,23.7,0,0,0,0,0,0,0,0,0,0,0,0,48110,60657,1.3288e+05,1.2194e+05
4482,10.487,2.2124,7,-3,0.98247,100,1,23.7,0,0,0,0,0,0,0,0,0,0,0,0,48125,60634,1.3282e+05,1.2199e+05
4495,0,0,15,-15,1.0159,100,0,21.4,0,0,0,0,0,0,0,0,0,0,0,0,0,0,0,0
4508,0,0,16,-14,1.0159,100,0,31,0,0,0,0,0,0,0,0,0,0,0,0,0,0,0,0
4511,10.048,1.4215,6.7,-4.5,0.9819,100,1,21,0,0,0,0,0,0,0,0,0,0,0,0,58062,63281,1.2047e+05,1.0738e+05
4511,10.046,1.3246,6,-4,0.9819,100,1,21,0,0,0,0,0,0,0,0,0,0,0,0,58049,63297,1.3601e+05,1.1942e+05
4515,38.767,-0.93437,26.1,-25.24,1.048,100,1,87,0,0,0,0,0,0,0,0,0,0,0,0,13183,16403,23521,26161
4524,11.753,-0.16235,10,-10,1.0008,100,1,22,0,0,0,0,0,0,0,0,0,0,0,0,62053,54105,62572,64636
4524,11.755,0.70377,12,-10,1.0008,100,1,22,0,0,0,0,0,0,0,0,0,0,0,0,62066,54095,56291,59406
4538,0,0,20,-10,0.825,100,0,45,0,0,0,0,0,0,0,0,0,0,0,0,0,0,0,0
4538,0,0,20,-10,0.825,100,0,45,0,0,0,0,0,0,0,0,0,0,0,0,0,0,0,0
4538,0,0,20,-10,0.825,100,0,45,0,0,0,0,0,0,0,0,0,0,0,0,0,0,0,0
4538,0,0,20,-10,0.825,100,0,45,0,0,0,0,0,0,0,0,0,0,0,0,0,0,0,0
4538,0,0,20,-10,0.825,100,0,45,0,0,0,0,0,0,0,0,0,0,0,0,0,0,0,0
4567,10.731,0.054065,7.1,-7.1,0.99787,100,1,22,0,0,0,0,0,0,0,0,0,0,0,0,56428,59255,90247,88883
4571,0,0,0,0,1,100,0,11.7,0,0,0,0,0,0,0,0,0,0,0,0,0,0,0,0
4574,44.698,7.541,27,-9,1.0307,100,1,45,44,0,0,0,0,0,0,0,0,0,0,0,2.1028e+06,9.1106e+05,32677,38443
4574,44.698,7.541,27,-9,1.0307,100,1,45,44,0,0,0,0,0,0,0,0,0,0,0,2.103e+06,9.1102e+05,32677,38443
4582,0,0,0.1,-0.1,1,100,0,6,0,0,0,0,0,0,0,0,0,0,0,0,0,0,0,0
4583,0,0,10,-10,1,100,0,16.8,0,0,0,0,0,0,0,0,0,0,0,0,0,0,0,0
4585,0,0,0,0,1.0159,100,0,6,0,0,0,0,0,0,0,0,0,0,0,0,0,0,0,0
4588,6.4409,-0.14138,5,-5,1.0133,100,1,12.7,0,0,0,0,0,0,0,0,0,0,0,0,1.0159e+05,98723,1.2368e+05,1.3088e+05
4588,6.4411,0.9489,1,0.9,1.0133,100,1,12.7,0,0,0,0,0,0,0,0,0,0,0,0,1.016e+05,98721,1.236e+07,1.2968e+07
4623,18.678,-1.8782,0,0,1.0087,100,1,36.8,0,0,0,0,0,0,0,0,0,0,0,0,35088,34044,2671.1,0
4634,0,0,0,0,1.0222,100,0,8,0,0,0,0,0,0,0,0,0,0,0,0,0,0,0,0
4635,0,0,0.1,-0.1,1,100,0,6,0,0,0,0,0,0,0,0,0,0,0,0,0,0,0,0
4636,0,0,0.1,-0.1,1,100,0,4,0,0,0,0,0,0,0,0,0,0,0,0,0,0,0,0
4645,14.804,-6.4127,0,0,1.0064,100,1,31.5,0,0,0,0,0,0,0,0,0,0,0,0,38083,42955,891.23,0
4646,0,0,0,0,1.0222,100,0,33,0,0,0,0,0,0,0,0,0,0,0,0,0,0,0,0
4651,0,0,0,0,1.0278,100,0,17.5,0,0,0,0,0,0,0,0,0,0,0,0,0,0,0,0
4657,0,0,0.1,-0.1,1,100,0,9,0,0,0,0,0,0,0,0,0,0,0,0,0,0,0,0
4661,0,0,0,0,1.0222,100,0,11.5,0,0,0,0,0,0,0,0,0,0,0,0,0,0,0,0
4662,18.01,0.35751,0,0,1.0047,100,1,35,0,0,0,0,0,0,0,0,0,0,0,0,37427,35306,3550.5,0
4669,0,0,0,0,1.0222,100,0,10,0,0,0,0,0,0,0,0,0,0,0,0,0,0,0,0
4669,0,0,0,0,1.0222,100,0,22,0,0,0,0,0,0,0,0,0,0,0,0,0,0,0,0
4674,0,0,0.1,-0.1,0.975,100,0,3,0,0,0,0,0,0,0,0,0,0,0,0,0,0,0,0
4674,0,0,0.1,-0.1,0.975,100,0,1,0,0,0,0,0,0,0,0,0,0,0,0,0,0,0,0
4674,0,0,0.1,-0.1,0.975,100,0,5,0,0,0,0,0,0,0,0,0,0,0,0,0,0,0,0
4674,3.4969,0.01227,0.1,-0.1,0.99268,100,1,7,0,0,0,0,0,0,0,0,0,0,0,0,1.8152e+05,1.8184e+05,7.2177e+06,5.6125e+06
4674,0,0,0.1,-0.1,0.975,100,0,3,0,0,0,0,0,0,0,0,0,0,0,0,0,0,0,0
4686,0,0,0,0,1,100,0,14,0,0,0,0,0,0,0,0,0,0,0,0,0,0,0,0
4701,0,0,1,-1,1.0159,100,0,1,0,0,0,0,0,0,0,0,0,0,0,0,0,0,0,0
4701,0,0,1,-1,1.0159,100,0,1,0,0,0,0,0,0,0,0,0,0,0,0,0,0,0,0
4701,0,0,1,-1,1.0159,100,0,1,0,0,0,0,0,0,0,0,0,0,0,0,0,0,0,0
4718,5.8198,0.052777,1,-1,1.002,100,1,11.5,0,0,0,0,0,0,0,0,0,0,0,0,1.1195e+05,1.0926e+05,6.7132e+05,6.0398e+05
4718,0,0,1,-1,1,100,0,11.5,0,0,0,0,0,0,0,0,0,0,0,0,0,0,0,0
4719,0,0,1,0,1,100,0,11,0,0,0,0,0,0,0,0,0,0,0,0,0,0,0,0
4719,0,0,0.1,-0.1,1,100,0,2.5,0,0,0,0,0,0,0,0,0,0,0,0,0,0,0,0
4720,0,0,0,0,1.0159,100,0,10,0,0,0,0,0,0,0,0,0,0,0,0,0,0,0,0
4721,4.8841,0.95018,1,0.9,1.0069,100,1,10,0,0,0,0,0,0,0,0,0,0,0,0,1.2429e+05,1.3019e+05,1.2764e+07,1.267e+07
4721,7.3676,0.95018,1,0.9,1.0069,100,1,15,0,0,0,0,0,0,0,0,0,0,0,0,83312,86307,1.2764e+07,1.267e+07
4721,7.3682,0.95018,1,0.9,1.0069,100,1,15,0,0,0,0,0,0,0,0,0,0,0,0,83319,86299,1.2764e+07,1.267e+07
4757,0,0,0.1,-0.1,1,100,0,9,0,0,0,0,0,0,0,0,0,0,0,0,0,0,0,0
4758,4.93,0.018035,5,-5,1.0175,100,1,10,0,0,0,0,0,0,0,0,0,0,0,0,1.2542e+05,1.2898e+05,1.2764e+05,1.2672e+05
4758,4.93,0.018035,5,-5,1.0175,100,1,10,0,0,0,0,0,0,0,0,0,0,0,0,1.2542e+05,1.2898e+05,1.2764e+05,1.2672e+05
4759,4.9299,0.018044,5,-5,1.0175,100,1,10,0,0,0,0,0,0,0,0,0,0,0,0,1.2542e+05,1.2898e+05,1.2764e+05,1.2672e+05
4759,4.9299,0.018044,5,-5,1.0175,100,1,10,0,0,0,0,0,0,0,0,0,0,0,0,1.2542e+05,1.2898e+05,1.2764e+05,1.2672e+05
4768,13.905,-0.58736,10,-10,1.0223,100,1,30,0,0,0,0,0,0,0,0,0,0,0,0,39508,45730,60059,67556
4771,0,0,0,0,1.0278,100,0,3.3,0,0,0,0,0,0,0,0,0,0,0,0,0,0,0,0
4778,0,0,1,0,1,100,0,7,0,0,0,0,0,0,0,0,0,0,0,0,0,0,0,0
4783,13.689,-8.8434,0,0,0.99534,100,1,28,0,0,0,0,0,0,0,0,0,0,0,0,44434,46450,251.55,0
4789,0,0,0,0,1.0222,100,0,9.2,0,0,0,0,0,0,0,0,0,0,0,0,0,0,0,0
4794,0,0,8.5,-8.5,1,100,0,14,0,0,0,0,0,0,0,0,0,0,0,0,0,0,0,0
4805,13.326,-0.7799,18,-18,0.99658,100,1,27,0,0,0,0,0,0,0,0,0,0,0,0,46502,47717,33859,36926
4815,0,0,0,0,1.0278,100,0,20,0,0,0,0,0,0,0,0,0,0,0,0,0,0,0,0
4818,2.9188,0.16205,0.64,-0.64,1.0163,100,1,6.4,0,0,0,0,0,0,0,0,0,0,0,0,1.8265e+05,2.1786e+05,1.3306e+06,7.9267e+05
4819,7.924,-0.41247,3.6,-4.5,0.98047,100,1,15,1,0,0,0,0,0,0,0,0,0,0,0,89863,91837,1.5847e+05,1.5556e+05
4819,7.4212,-0.46456,3,-4,0.98047,100,1,15,0,0,0,0,0,0,0,0,0,0,0,0,83902,85683,1.8354e+05,1.7986e+05
4820,7.4213,-0.46456,3,-4,0.98047,100,1,15,0,0,0,0,0,0,0,0,0,0,0,0,83902,85683,1.8354e+05,1.7986e+05
4820,7.924,-0.41247,3.6,-4.5,0.98047,100,1,15,1,0,0,0,0,0,0,0,0,0,0,0,89863,91837,1.5847e+05,1.5556e+05
4827,0,0,70,-70,0.975,100,0,150,0,0,0,0,0,0,0,0,0,0,0,0,0,0,0,0
4830,4.8602,-8.1061,70,-80,0.98538,100,1,170,-170,0,0,0,0,0,0,0,0,0,0,0,3850.5,3636.5,8141.2,8844.6
4830,4.9704,-8.1061,70,-80,0.98538,100,1,170,-170,0,0,0,0,0,0,0,0,0,0,0,3853.1,3634.2,8141.2,8844.6
4829,5.034,-8.1058,70,-80,0.98543,100,1,170,-170,0,0,0,0,0,0,0,0,0,0,0,3854.6,3632.9,8141.2,8844.5
4829,4.7726,-8.1058,70,-80,0.98543,100,1,170,-170,0,0,0,0,0,0,0,0,0,0,0,3848.5,3638.3,8141.2,8844.5
4826,4.9591,-8.107,70,-80,0.98558,100,1,170,-170,0,0,0,0,0,0,0,0,0,0,0,3852.8,3634.4,8141.1,8844.7
4826,5.0809,-8.107,70,-80,0.98558,100,1,170,-170,0,0,0,0,0,0,0,0,0,0,0,3855.7,3631.9,8141.1,8844.7
4825,4.915,-7.9904,70,-80,0.9852,100,1,170,-170,0,0,0,0,0,0,0,0,0,0,0,3851.8,3635.3,8153.3,8830.3
4825,5.0959,-7.9904,70,-80,0.9852,100,1,170,-170,0,0,0,0,0,0,0,0,0,0,0,3856,3631.6,8153.3,8830.3
4828,75.881,-1.7215,70,-70,0.97822,100,1,150,0,0,0,0,0,0,0,0,0,0,0,0,8579.1,8379.9,8865.9,9312.9
4828,75.904,-1.7215,70,-70,0.97822,100,1,150,0,0,0,0,0,0,0,0,0,0,0,0,8581.7,8377.4,8865.9,9312.9
4827,77.089,-4.6694,70,-70,0.98151,100,1,150,0,0,0,0,0,0,0,0,0,0,0,0,8721.2,8248.6,8515.9,9733.1
4837,0,0,0,0,0.98413,100,0,34,0,0,0,0,0,0,0,0,0,0,0,0,0,0,0,0
4837,0,0,0,0,0.98413,100,0,24,0,0,0,0,0,0,0,0,0,0,0,0,0,0,0,0
4848,0,0,5.5,-5.5,1.0016,100,0,9,0,0,0,0,0,0,0,0,0,0,0,0,0,0,0,0
4856,0,0,4,-4,0.94444,100,0,6.4,0,0,0,0,0,0,0,0,0,0,0,0,0,0,0,0
4856,0,0,6.4,-6.4,0.94444,100,0,10.8,0,0,0,0,0,0,0,0,0,0,0,0,0,0,0,0
4869,0,0,6.8,-6.8,1,100,0,11.2,0,0,0,0,0,0,0,0,0,0,0,0,0,0,0,0
4869,0,0,6.8,-6.8,1,100,0,11.2,0,0,0,0,0,0,0,0,0,0,0,0,0,0,0,0
4876,0,0,7,-12,1.0333,100,0,22,0,0,0,0,0,0,0,0,0,0,0,0,0,0,0,0
4883,6.3739,-0.18573,7.7,-7.7,1.0013,100,1,12.8,0,0,0,0,0,0,0,0,0,0,0,0,98951,99763,80635,84623
4887,17.664,0.70143,0,0,1.0059,100,1,35.02,0,0,0,0,0,0,0,0,0,0,0,0,36637,35998,0,2547.2
4887,9.7823,0.70143,0,0,1.0059,100,1,20,0,0,0,0,0,0,0,0,0,0,0,0,62232,65003,0,2547.2
4899,0,0,0,-1,1.0159,100,0,5,0,0,0,0,0,0,0,0,0,0,0,0,0,0,0,0
4903,0,0,9.8,-9.8,1,100,0,15.9,0.2,0,0,0,0,0,0,0,0,0,0,0,0,0,0,0
4905,10.701,-3.6776,0,0,1.0104,100,1,21.6,0,0,0,0,0,0,0,0,0,0,0,0,58344,59420,552.14,0
4905,9.8056,-3.6776,0,0,1.0104,100,1,20,0,0,0,0,0,0,0,0,0,0,0,0,62374,64849,552.14,0
4905,15.77,-3.6776,0,0,1.0104,100,1,30,0,0,0,0,0,0,0,0,0,0,0,0,44686,40321,552.14,0
4925,15.506,1.9695,12,-8,1.0183,100,1,32,0,0,0,0,0,0,0,0,0,0,0,0,38553,41007,63393,63782
4928,16.574,-0.38714,12,-12,0.99768,100,1,33,0,0,0,0,0,0,0,0,0,0,0,0,38712,38366,51333,54756
4935,0,0,0,0,1.0278,100,0,20,0,0,0,0,0,0,0,0,0,0,0,0,0,0,0,0
4951,4.8518,-0.027357,6,-6,0.93375,100,1,9.6,0,0,0,0,0,0,0,0,0,0,0,0,1.3392e+05,1.3106e+05,1.055e+05,1.0646e+05
4955,0,0,0,0,1.0278,100,0,4,0,0,0,0,0,0,0,0,0,0,0,0,0,0,0,0
4966,11.068,-1.5768,0,0,1.0195,100,1,22,0,0,0,0,0,0,0,0,0,0,0,0,58165,57453,63.515,0
4966,12.145,-1.5768,0,0,1.0195,100,1,24,0,0,0,0,0,0,0,0,0,0,0,0,53636,52358,63.515,0
4973,0,0,18,-18,1,100,0,30,0,0,0,0,0,0,0,0,0,0,0,0,0,0,0,0
4973,15.856,-1.2266,18,-18,1.003,100,1,30,0,0,0,0,0,0,0,0,0,0,0,0,44959,40102,33073,37910
4986,15.515,-3.5667,16,-18,0.99523,100,1,32,0,0,0,0,0,0,0,0,0,0,0,0,38573,40984,32498,44056
4987,13.773,-5.0814,12,-21,0.9763,100,1,35.1,0,0,0,0,0,0,0,0,0,0,0,0,29816,46167,37226,39945
4988,15.238,-5.0171,12,-21,0.97245,100,1,35.1,0,0,0,0,0,0,0,0,0,0,0,0,32014,41730,37367,39784
4989,15.223,-5.0408,12,-21,0.97296,100,1,35.1,0,0,0,0,0,0,0,0,0,0,0,0,31991,41770,37315,39843
4996,0,0,0,0,1.0159,100,0,10,0,0,0,0,0,0,0,0,0,0,0,0,0,0,0,0
4997,0,0,0,0,1.0159,100,0,30.5,0,0,0,0,0,0,0,0,0,0,0,0,0,0,0,0
5015,5.9514,1.1042,0,0,0.99962,100,1,12,0,0,0,0,0,0,0,0,0,0,0,0,1.0513e+05,1.0684e+05,0,982.14
5015,9.6614,1.1042,0,0,0.99962,100,1,20,0,0,0,0,0,0,0,0,0,0,0,0,61505,65816,0,982.14
5017,0,0,0,0,1.0222,100,0,20.7,0,0,0,0,0,0,0,0,0,0,0,0,0,0,0,0
5023,9.9962,-1.3988,0,0,0.99292,100,1,18,0,0,0,0,0,0,0,0,0,0,0,0,79445,63613,4114,0
5027,18.701,3.9509,4,3.9,0.99618,100,1,36,0,0,0,0,0,0,0,0,0,0,0,0,36759,34001,1.2931e+07,1.2426e+07
5033,23.796,-1.6803,15.18,-14.17,1.0044,100,1,50.6,0,0,0,0,0,0,0,0,0,0,0,0,23723,26722,37715,50911
5041,0,0,11,-11,1,100,0,18,0,0,0,0,0,0,0,0,0,0,0,0,0,0,0,0
5042,0,0,0,0,1.0222,100,0,10,0,0,0,0,0,0,0,0,0,0,0,0,0,0,0,0
5044,0,0,5,-5,1,100,0,15,0,0,0,0,0,0,0,0,0,0,0,0,0,0,0,0
5044,0,0,5,-5,1,100,0,15,0,0,0,0,0,0,0,0,0,0,0,0,0,0,0,0
5046,0,0,0,0,1.0222,100,0,24,0,0,0,0,0,0,0,0,0,0,0,0,0,0,0,0
5046,0,0,0,0,1.0222,100,0,16,0,0,0,0,0,0,0,0,0,0,0,0,0,0,0,0
5050,0,0,0,0,1.0278,100,0,36,0,0,0,0,0,0,0,0,0,0,0,0,0,0,0,0
5052,0,0,0,-0.01,1.0159,100,0,5.6,0,0,0,0,0,0,0,0,0,0,0,0,0,0,0,0
5052,0,0,0,-0.01,1.0159,100,0,5.6,0,0,0,0,0,0,0,0,0,0,0,0,0,0,0,0
5058,0,0,0,0,1.0333,100,0,3,0,0,0,0,0,0,0,0,0,0,0,0,0,0,0,0
5958,0,0,120,-120,0.975,100,0,250,0,0,0,0,0,0,0,0,0,0,0,0,0,0,0,0
5958,0,0,120,-120,0.975,100,0,250,0,0,0,0,0,0,0,0,0,0,0,0,0,0,0,0
5958,0,0,120,-120,0.975,100,0,250,0,0,0,0,0,0,0,0,0,0,0,0,0,0,0,0
5959,0,0,125,-125,0.975,100,0,670,0,0,0,0,0,0,0,0,0,0,0,0,0,0,0,0
5959,0,0,125,-125,0.975,100,0,670,0,0,0,0,0,0,0,0,0,0,0,0,0,0,0,0
5961,0,0,100,-100,0.975,100,0,250,50,0,0,0,0,0,0,0,0,0,0,0,0,0,0,0
5962,761.37,65.292,470,-330,0.98464,100,1,1100,300,0,0,0,0,0,0,0,0,0,0,0,1877.8,1378.2,1571.2,1608.6
5962,759.16,65.292,470,-330,0.98464,100,1,1100,300,0,0,0,0,0,0,0,0,0,0,0,1865.6,1384.9,1571.2,1608.6
5964,0,0,60,-60,0.975,100,0,200,-20,0,0,0,0,0,0,0,0,0,0,0,0,0,0,0
5965,0,0,60,-60,0.975,100,0,200,-20,0,0,0,0,0,0,0,0,0,0,0,0,0,0,0
5967,0,0,0,0,0.975,100,0,1500,0,0,0,0,0,0,0,0,0,0,0,0,0,0,0,0
5967,0,0,0,0,0.975,100,0,1500,0,0,0,0,0,0,0,0,0,0,0,0,0,0,0,0
5968,0,0,0.89,0,0.975,100,0,0,-1.38,0,0,0,0,0,0,0,0,0,0,0,0,0,0,0
5968,0,0,0.89,0,0.975,100,0,0,-1.38,0,0,0,0,0,0,0,0,0,0,0,0,0,0,0
5972,259.83,36.991,300,-380,0.98889,100,1,500,50,0,0,0,0,0,0,0,0,0,0,0,2647.6,3030.4,2417.7,1524.9
5975,35.723,-7.0423,25.57,-32.88,0.99167,100,1,85.24,0,0,0,0,0,0,0,0,0,0,0,0,12842,17800,19498,24610
5975,35.73,-7.0423,25.57,-32.88,0.99167,100,1,85.24,0,0,0,0,0,0,0,0,0,0,0,0,12843,17796,19498,24610
5983,0,0,100,-100,0.975,100,0,250,-250,0,0,0,0,0,0,0,0,0,0,0,0,0,0,0
5983,0,0,100,-100,0.975,100,0,250,-250,0,0,0,0,0,0,0,0,0,0,0,0,0,0,0
5986,0,0,40,-40,0.975,100,0,30,0,0,0,0,0,0,0,0,0,0,0,0,0,0,0,0
5986,0,0,40,-40,0.975,100,0,60,0,0,0,0,0,0,0,0,0,0,0,0,0,0,0,0
5988,219.05,-13.916,200,-200,0.97815,100,1,450,0,0,0,0,0,0,0,0,0,0,0,0,2753.2,2903,2972.6,3417.1
5988,219.08,-13.916,200,-200,0.97815,100,1,450,0,0,0,0,0,0,0,0,0,0,0,0,2753.6,2902.5,2972.6,3417.1
5997,0,0,95.5,0,0.975,100,0,0,-54,0,0,0,0,0,0,0,0,0,0,0,0,0,0,0
5997,0,0,95.5,0,0.975,100,0,0,-15,0,0,0,0,0,0,0,0,0,0,0,0,0,0,0
6002,0,0,450,-450,0.975,100,0,1500,0,0,0,0,0,0,0,0,0,0,0,0,0,0,0,0
6002,0,0,450,-450,0.975,100,0,1500,0,0,0,0,0,0,0,0,0,0,0,0,0,0,0,0
6002,25.433,-0.43974,17.1,-17.1,0.99259,100,1,57,0,0,0,0,0,0,0,0,0,0,0,0,20144,25002,36253,38167
6002,25.487,-0.43974,17.1,-17.1,0.99259,100,1,57,0,0,0,0,0,0,0,0,0,0,0,0,20178,24949,36253,38167
6002,0,0,450,-450,0.975,100,0,1500,0,0,0,0,0,0,0,0,0,0,0,0,0,0,0,0
6002,0,0,450,-450,0.975,100,0,1500,0,0,0,0,0,0,0,0,0,0,0,0,0,0,0,0
6003,91.116,-13.824,74.77,-74.77,0.93592,100,1,249.22,0,0,0,0,0,0,0,0,0,0,0,0,4021.9,6978.6,7177.5,10433
6003,92.042,-13.974,75.36,-75.36,0.93592,100,1,251.2,0,0,0,0,0,0,0,0,0,0,0,0,3995.3,6908.4,7118,10359
6003,179.62,-21.105,119.27,-119.27,0.93592,100,1,397.57,0,0,0,0,0,0,0,0,0,0,0,0,2917.6,3540,4529.9,6477.5
6006,281.55,42.758,159.27,-159.27,0.97656,100,1,530.9,0,0,0,0,0,0,0,0,0,0,0,0,2550.2,2258.4,5457.4,3147.5
6009,424.45,-1.5338,280,-280,1.0085,100,1,600,300,0,0,0,0,0,0,0,0,0,0,0,3622.2,5109.5,2258.6,2283.5
6010,223.59,1.1425,280,-280,1.0073,100,1,500,0,0,0,0,0,0,0,0,0,0,0,0,2300.5,2844,2280.3,2261.8
6014,273.43,61.844,304,-171,0.98181,100,1,418,185,0,0,0,0,0,0,0,0,0,0,0,4398.3,7190.8,2625.8,2730.9
6014,0,0,304,-171,0.975,100,0,418,185,0,0,0,0,0,0,0,0,0,0,0,0,0,0,0
6014,0,0,304,-171,0.975,100,0,379,230,0,0,0,0,0,0,0,0,0,0,0,0,0,0,0
6014,251.31,71.627,367,-171,0.98181,100,1,393,165,0,0,0,0,0,0,0,0,0,0,0,4487.8,7367.4,2152.8,2620.8
6022,0,0,450,-450,0.975,100,0,1500,0,0,0,0,0,0,0,0,0,0,0,0,0,0,0,0
6021,22.559,-40.383,14.97,-81.23,0.97484,100,1,49.9,0,0,0,0,0,0,0,0,0,0,0,0,23258,28187,11488,15567
6023,80.121,-8.5457,76.76,-76.76,0.98814,100,1,255.86,0,0,0,0,0,0,0,0,0,0,0,0,3618.4,7936.2,7454.1,9321.6
6026,245.57,12.632,146.55,-146.55,0.95392,100,1,488.51,0,0,0,0,0,0,0,0,0,0,0,0,2617.4,2589.4,4748.2,3994.7
6027,0,0,7,0,0.975,100,0,0,-1,0,0,0,0,0,0,0,0,0,0,0,0,0,0,0
6029,774.07,218.07,570,-100,0.97625,100,1,1056,250,0,0,0,0,0,0,0,0,0,0,0,2255.4,1213.3,1806.8,1999.2
6029,0,0,523,-125,0.975,100,0,1056,200,0,0,0,0,0,0,0,0,0,0,0,0,0,0,0
6029,270.96,65.892,263,-95,0.97625,100,1,412,196,0,0,0,0,0,0,0,0,0,0,0,4508.7,8482.2,3226,3952.1
6029,270.98,55.767,240,-95,0.97625,100,1,412,196,0,0,0,0,0,0,0,0,0,0,0,4509.1,8480.7,3451.5,4217.6
6040,326.79,136.32,400,-115,0.98104,100,1,600,100,0,0,0,0,0,0,0,0,0,0,0,2327.4,2803.8,2411.6,2530.1
6045,0,0,300,-300,0.975,100,0,1500,0,0,0,0,0,0,0,0,0,0,0,0,0,0,0,0
6049,0,0,0.38,-5.35,0.975,100,0,1.26,0,0,0,0,0,0,0,0,0,0,0,0,0,0,0,0
6055,274.84,-2.4418,152.4,-152.4,0.9782,100,1,508,0,0,0,0,0,0,0,0,0,0,0,0,2727.2,2313.6,4106.6,4240.3
6058,811.25,12.272,326.23,-326.23,0.99976,100,1,1087.4,0,0,0,0,0,0,0,0,0,0,0,0,2302.3,783.81,2025.3,1878.5
6066,656.82,67.202,355,-215,0.9872,100,1,1050,300,0,0,0,0,0,0,0,0,0,0,0,1617.3,1782,2209.4,2253.3
6066,571.07,67.202,355,-215,0.9872,100,1,910,300,0,0,0,0,0,0,0,0,0,0,0,1876.1,2345.8,2209.4,2253.3
6066,572.05,67.202,355,-215,0.9872,100,1,910,300,0,0,0,0,0,0,0,0,0,0,0,1881.6,2337.3,2209.4,2253.3
6069,0,0,300,-300,0.975,100,0,1500,0,0,0,0,0,0,0,0,0,0,0,0,0,0,0,0
6070,0,0,450,-450,0.975,100,0,1500,0,0,0,0,0,0,0,0,0,0,0,0,0,0,0,0
6083,0,0,300,-300,0.975,100,0,1500,0,0,0,0,0,0,0,0,0,0,0,0,0,0,0,0
6084,0,0,450,-450,0.975,100,0,1500,0,0,0,0,0,0,0,0,0,0,0,0,0,0,0,0
6088,1097.8,10.087,415.5,-415.5,0.9853,100,1,1385,0,0,0,0,0,0,0,0,0,0,0,0,2214.4,579.2,1568.5,1494.1
6089,0,0,450,-450,0.975,100,0,1500,0,0,0,0,0,0,0,0,0,0,0,0,0,0,0,0
6090,100.63,-1.1542,67,-66,0.97526,100,1,220,0,0,0,0,0,0,0,0,0,0,0,0,5327.1,6318.7,9329.9,9805.9
6092,0,0,450,-450,0.975,100,0,1500,0,0,0,0,0,0,0,0,0,0,0,0,0,0,0,0
6093,17.4,15.767,48,-12.9,0.98594,100,1,43,0,0,0,0,0,0,0,0,0,0,0,0,24839,36545,19728,22181
6092,18.893,-5.2613,12.9,-24,0.97655,100,1,43,0,0,0,0,0,0,0,0,0,0,0,0,26377,33656,35013,33934
6092,10.538,-8.3278,6.6,-24,0.97655,100,1,22,0,0,0,0,0,0,0,0,0,0,0,0,55475,60342,42597,40573
6095,29.587,12.744,75,-37.93,1.0139,100,1,126.43,0,0,0,0,0,0,0,0,0,0,0,0,6566.2,21491,10214,12548
6094,10.97,5.3892,17.22,-6.77,1.0012,100,1,22.56,0,0,0,0,0,0,0,0,0,0,0,0,54863,57966,53747,52296
6103,926.41,9.148,366.5,-366.5,1.0002,100,1,1221.7,0,0,0,0,0,0,0,0,0,0,0,0,2153.6,686.38,1779.4,1692.7
6104,220.88,3.304,200,-200,0.98334,100,1,450,0,0,0,0,0,0,0,0,0,0,0,0,2775.3,2878.8,3232.8,3127.7
6106,0,0,0,-59.9,0.975,100,0,0,-103.72,0,0,0,0,0,0,0,0,0,0,0,0,0,0,0
6113,112.46,-1.577,78.6,-78.6,0.97061,100,1,262,0,0,0,0,0,0,0,0,0,0,0,0,4252.3,5654,7930.9,8255.6
6112,125.62,2.7102,77.4,-77.4,0.9765,100,1,258,0,0,0,0,0,0,0,0,0,0,0,0,4803.6,5061.7,8513.5,7937.5
6113,110.75,-1.518,77.4,-77.4,0.97061,100,1,258,0,0,0,0,0,0,0,0,0,0,0,0,4318.3,5741.6,8057.4,8379.7
6112,0,0,450,-450,0.975,100,0,1500,0,0,0,0,0,0,0,0,0,0,0,0,0,0,0,0
6115,0,0,450,-450,0.975,100,0,1500,0,0,0,0,0,0,0,0,0,0,0,0,0,0,0,0
6115,0,0,63,-0.3,0.975,100,0,1,0,0,0,0,0,0,0,0,0,0,0,0,0,0,0,0
6117,73.944,41.369,123.44,-68,0.98024,100,1,226.66,0,0,0,0,0,0,0,0,0,0,0,0,4163.9,8599.1,7747.8,5814.1
6126,348.31,-7.4726,221.7,-221.7,0.97521,100,1,739,0,0,0,0,0,0,0,0,0,0,0,0,1627.6,1825.6,2774.7,2968.2
6130,0,0,300,-300,0.975,100,0,0,-1657,0,0,0,0,0,0,0,0,0,0,0,0,0,0,0
6132,3.7417,-1.925,2.13,-5.59,0.96838,100,1,7.09,0,0,0,0,0,0,0,0,0,0,0,0,1.8991e+05,1.6994e+05,1.5681e+05,1.735e+05
6133,51.146,-4.5926,55.5,-55.5,0.9722,100,1,185,0,0,0,0,0,0,0,0,0,0,0,0,4750.6,12432,10582,12491
6133,52.614,-4.8076,56.7,-56.7,0.9722,100,1,189,0,0,0,0,0,0,0,0,0,0,0,0,4662.5,12085,10338,12254
6134,0,0,182,-252,0.975,100,0,280,-280,0,0,0,0,0,0,0,0,0,0,0,0,0,0,0
6134,0,0,182,-252,0.975,100,0,280,-280,0,0,0,0,0,0,0,0,0,0,0,0,0,0,0
6134,0,0,182,-252,0.975,100,0,280,-280,0,0,0,0,0,0,0,0,0,0,0,0,0,0,0
6134,0,0,182,-252,0.975,100,0,280,-280,0,0,0,0,0,0,0,0,0,0,0,0,0,0,0
6139,212.92,-7.4856,136.8,-136.8,0.97346,100,1,456,0,0,0,0,0,0,0,0,0,0,0,0,2615.9,2986.5,4407.1,4917.3
6139,74.703,0.35202,51,-46.2,0.97346,100,1,154,0,0,0,0,0,0,0,0,0,0,0,0,8018.9,8512,12555,13659
6139,26.242,16.543,51,-15,0.97346,100,1,50,0,0,0,0,0,0,0,0,0,0,0,0,26765,24231,18454,20159
6139,46.683,9.8725,51,-27.9,0.97346,100,1,93,0,0,0,0,0,0,0,0,0,0,0,0,13729,13621,15461,16834
6139,37.345,12.98,51,-21.9,0.97346,100,1,73,0,0,0,0,0,0,0,0,0,0,0,0,17834,17027,16724,18231
6146,0,0,450,-450,0.975,100,0,1500,0,0,0,0,0,0,0,0,0,0,0,0,0,0,0,0
6157,0,0,0,-14.07,0.975,100,0,0,-71.42,0,0,0,0,0,0,0,0,0,0,0,0,0,0,0
6157,0,0,0,-14.07,0.975,100,0,0,-71.42,0,0,0,0,0,0,0,0,0,0,0,0,0,0,0
6158,0,0,300,-300,0.975,100,0,1500,0,0,0,0,0,0,0,0,0,0,0,0,0,0,0,0
6160,0,0,450,-450,0.975,100,0,1500,0,0,0,0,0,0,0,0,0,0,0,0,0,0,0,0
6162,194.66,27.463,109.22,-109.22,0.98061,100,1,364.07,0,0,0,0,0,0,0,0,0,0,0,0,3753.5,3266.6,7777.4,4652.3
6162,112.21,12.646,59.6,-59.6,0.98061,100,1,198.66,0,0,0,0,0,0,0,0,0,0,0,0,7355.4,5666.9,13542,8801.6
6165,62.257,-10.065,56.15,-56.15,0.9912,100,1,187.18,0,0,0,0,0,0,0,0,0,0,0,0,5090.2,10214,9603.2,13798
6165,62.21,-10.065,56.15,-56.15,0.9912,100,1,187.18,0,0,0,0,0,0,0,0,0,0,0,0,5088.3,10221,9603.2,13798
6172,1654.4,-11.772,856.58,-856.58,0.97561,100,1,2855.3,0,0,0,0,0,0,0,0,0,0,0,0,529.52,384.35,732.28,752.68
6173,0,0,0,-2.68,0.975,100,0,0,-14.16,0,0,0,0,0,0,0,0,0,0,0,0,0,0,0
6174,10.083,2.7994,11.41,-6.24,0.97312,100,1,20.81,0,0,0,0,0,0,0,0,0,0,0,0,59277,63065,73848,70345
6174,10.083,2.7994,11.41,-6.24,0.97312,100,1,20.81,0,0,0,0,0,0,0,0,0,0,0,0,59277,63065,73848,70345
6176,0,0,300,-300,0.975,100,0,1500,0,0,0,0,0,0,0,0,0,0,0,0,0,0,0,0
6179,0,0,343,-169,0.975,100,0,396,223,0,0,0,0,0,0,0,0,0,0,0,0,0,0,0
6184,114.5,0.60331,200,-200,0.98899,100,1,300,-30,0,0,0,0,0,0,0,0,0,0,0,3428,4400.3,3189,3169.8
6188,104.53,9.1737,88.54,-88.54,0.98509,100,1,295.12,0,0,0,0,0,0,0,0,0,0,0,0,3336.4,6083.2,8011.8,6507.6
6188,104.51,9.1737,88.54,-88.54,0.98509,100,1,295.12,0,0,0,0,0,0,0,0,0,0,0,0,3336.1,6083.9,8011.8,6507.6
6189,0,0,10.28,0,0.975,100,0,0,-3.67,0,0,0,0,0,0,0,0,0,0,0,0,0,0,0
6193,396.01,7.9805,300,-300,0.98866,100,1,770,0,0,0,0,0,0,0,0,0,0,0,0,1700.3,1605.7,2177.5,2064.7
6193,396.01,7.9805,300,-300,0.98866,100,1,770,0,0,0,0,0,0,0,0,0,0,0,0,1700.2,1605.7,2177.5,2064.7
6194,0,0,62.51,0,0.975,100,0,0,-423.35,0,0,0,0,0,0,0,0,0,0,0,0,0,0,0
6194,0,0,62.51,0,0.975,100,0,0,-423.35,0,0,0,0,0,0,0,0,0,0,0,0,0,0,0
6194,0,0,62.51,0,0.975,100,0,0,-423.35,0,0,0,0,0,0,0,0,0,0,0,0,0,0,0
6195,0,0,100,-100,0.975,100,0,200,0,0,0,0,0,0,0,0,0,0,0,0,0,0,0,0
6196,0,0,450,-450,0.975,100,0,1500,0,0,0,0,0,0,0,0,0,0,0,0,0,0,0,0
6196,12.054,-46.761,6.98,-109,0.98234,100,1,23.28,0,0,0,0,0,0,0,0,0,0,0,0,56642,52753,11832,10217
6212,0,0,300,-300,0.975,100,0,1500,0,0,0,0,0,0,0,0,0,0,0,0,0,0,0,0
6215,0,0,355,-215,0.975,100,0,910,300,0,0,0,0,0,0,0,0,0,0,0,0,0,0,0
6216,0,0,99,-99,0.975,100,0,330,0,0,0,0,0,0,0,0,0,0,0,0,0,0,0,0
6216,0,0,99,-99,0.975,100,0,330,0,0,0,0,0,0,0,0,0,0,0,0,0,0,0,0
6216,0,0,216,-216,0.975,100,0,720,0,0,0,0,0,0,0,0,0,0,0,0,0,0,0,0
6218,0,0,120,-120,0.975,100,0,250,0,0,0,0,0,0,0,0,0,0,0,0,0,0,0,0
6218,0,0,33.23,0,0.975,100,0,0,-343.28,0,0,0,0,0,0,0,0,0,0,0,0,0,0,0
6218,126.41,34.132,120,-120,0.98321,100,1,250,0,0,0,0,0,0,0,0,0,0,0,0,5145.1,5030.2,7405.1,4125.6
6218,126.35,34.132,120,-120,0.98321,100,1,250,0,0,0,0,0,0,0,0,0,0,0,0,5142.6,5032.6,7405.1,4125.6
6218,126.37,34.132,120,-120,0.98321,100,1,250,0,0,0,0,0,0,0,0,0,0,0,0,5143.2,5032,7405.1,4125.6
6218,0,0,120,-120,0.975,100,0,250,0,0,0,0,0,0,0,0,0,0,0,0,0,0,0,0
6218,0,0,120,-120,0.975,100,0,250,0,0,0,0,0,0,0,0,0,0,0,0,0,0,0,0
6219,324.84,135.54,400,-115,0.97499,100,1,665,0,0,0,0,0,0,0,0,0,0,0,0,1869.3,1957.5,2404.5,2538
6221,34.055,2.1306,27.07,-27.07,0.97461,100,1,90.24,0,0,0,0,0,0,0,0,0,0,0,0,11318,18672,25497,21776
6222,758.36,68.045,470,-330,0.98525,100,1,1100,300,0,0,0,0,0,0,0,0,0,0,0,1861.2,1387.3,1582,1597.5
6226,25.421,14.751,28.58,-28.58,1.0002,100,1,95.25,0,0,0,0,0,0,0,0,0,0,0,0,9106.5,25013,45980,14675
6229,0,0,0,-6,0.975,100,0,0,-87.1,0,0,0,0,0,0,0,0,0,0,0,0,0,0,0
6229,0,0,0,-6,0.975,100,0,0,-87.1,0,0,0,0,0,0,0,0,0,0,0,0,0,0,0
6231,45.598,0.84528,55.62,-35.44,0.98761,100,1,118.12,0,0,0,0,0,0,0,0,0,0,0,0,8768.1,13945,11609,17524
6231,45.6,0.84528,55.62,-35.44,0.98761,100,1,118.12,0,0,0,0,0,0,0,0,0,0,0,0,8768.3,13944,11609,17524
6239,198.83,16.833,105.92,-105.92,0.97819,100,1,353.08,0,0,0,0,0,0,0,0,0,0,0,0,4122.4,3198.1,7137.6,5180.2
6245,0,0,300,-300,0.975,100,0,1500,0,0,0,0,0,0,0,0,0,0,0,0,0,0,0,0
6247,634.64,55.903,515,-543,0.98741,100,1,970,280,0,0,0,0,0,0,0,0,0,0,0,1896.1,1793,1385.1,1061.7
6247,291.03,-36.546,206,-294,0.98741,100,1,370,200,0,0,0,0,0,0,0,0,0,0,0,8052,6985.4,2621.7,2469.8
6247,291.01,-36.546,206,-294,0.98741,100,1,370,200,0,0,0,0,0,0,0,0,0,0,0,8049.9,6987,2621.7,2469.8
6255,0,0,260.97,-173.14,0.975,100,0,670,200,0,0,0,0,0,0,0,0,0,0,0,0,0,0,0
6256,0,0,269.33,-111.09,0.975,100,0,700,140,0,0,0,0,0,0,0,0,0,0,0,0,0,0,0
6257,11.706,1.8756,14,-8.87,0.96242,100,1,23,0,0,0,0,0,0,0,0,0,0,0,0,56299,54323,52446,59175
6258,11.706,1.8769,14,-8.87,0.96236,100,1,23,0,0,0,0,0,0,0,0,0,0,0,0,56304,54318,52452,59168
6259,13.704,2.2282,22.36,-13.33,0.95559,100,1,27,0,0,0,0,0,0,0,0,0,0,0,0,47824,46401,31586,40870
6260,28.83,16.673,36.04,-3.45,0.97522,100,1,86,0,0,0,0,0,0,0,0,0,0,0,0,11123,22055,32833,31599
6261,0,0,22.19,-3.23,0.975,100,0,49,0,0,0,0,0,0,0,0,0,0,0,0,0,0,0,0
6262,90.487,56.1,79.63,-22.44,0.97947,100,1,124,0,0,0,0,0,0,0,0,0,0,0,0,18973,7027.4,27022,8096.5
6263,16.257,2.1484,10.26,-6.8,0.96441,100,1,32,0,0,0,0,0,0,0,0,0,0,0,0,40392,39113,78391,71059
6264,16.254,2.1483,10.26,-6.8,0.96442,100,1,32,0,0,0,0,0,0,0,0,0,0,0,0,40385,39119,78391,71060
6265,16.25,1.9544,9.89,-6.8,0.96455,100,1,32,0,0,0,0,0,0,0,0,0,0,0,0,40374,39129,80130,72634
6266,16.258,1.9548,9.89,-6.8,0.96415,100,1,32,0,0,0,0,0,0,0,0,0,0,0,0,40395,39110,80134,72630
6267,47.979,13.749,59.82,-30.18,0.95053,100,1,92,0,0,0,0,0,0,0,0,0,0,0,0,14445,13253,13802,14475
6268,47.98,13.749,59.82,-30.18,0.95053,100,1,92,0,0,0,0,0,0,0,0,0,0,0,0,14445,13253,13802,14475
6269,42.889,19.768,62.7,-27.3,0.95213,100,1,92,0,0,0,0,0,0,0,0,0,0,0,0,12948,14826,14811,13510
6270,42.873,19.765,62.7,-27.3,0.95214,100,1,92,0,0,0,0,0,0,0,0,0,0,0,0,12943,14832,14810,13510
6271,51.747,34.468,62.7,-38.73,0.97842,100,1,92,0,0,0,0,0,0,0,0,0,0,0,0,15797,12288,22523,8687.2
6272,51.599,34.859,62.7,-36.43,0.97734,100,1,92,0,0,0,0,0,0,0,0,0,0,0,0,15739,12323,22839,8919.8
6273,574.27,-48.256,337.46,-421.55,0.99268,100,1,938.11,248.11,0,0,0,0,0,0,0,0,0,0,0,1747.7,1949.5,1648.6,1703.4
6274,614.94,-41.694,346.45,-411.89,0.99235,100,1,975.08,285.08,0,0,0,0,0,0,0,0,0,0,0,1765.7,1927.7,1638.2,1717.7
6275,594.87,-46.409,337.68,-413.7,0.99194,100,1,969.11,249.11,0,0,0,0,0,0,0,0,0,0,0,1699.1,1839,1655.5,1731.2
6276,574.83,-47.992,337.57,-421.38,0.99214,100,1,939.11,249.11,0,0,0,0,0,0,0,0,0,0,0,1745.6,1952.2,1649.2,1703
6278,165.37,22.447,164.82,-101.26,0.94936,100,1,252,156,0,0,0,0,0,0,0,0,0,0,0,7340.6,67845,4466.3,5140.1
6279,163.41,22.302,164.82,-100.91,0.94923,100,1,250,154,0,0,0,0,0,0,0,0,0,0,0,7343.4,67602,4461.7,5160.8
6280,172.42,58.73,101.23,-56.19,0.98526,100,1,250,154,0,0,0,0,0,0,0,0,0,0,0,8196.8,34517,14961,5533.3
6281,153.88,38.393,245.17,-160.07,0.99192,100,1,305,122,0,0,0,0,0,0,0,0,0,0,0,4207.9,19944,3075.2,3204
6282,105.58,56.44,102.26,-66.49,0.99419,100,1,155,89,0,0,0,0,0,0,0,0,0,0,0,12868,38341,13877,5172.8
6283,39.395,10.017,21.3,-20.55,0.96858,100,1,58,0,0,0,0,0,0,0,0,0,0,0,0,34178,16141,56356,20803
6284,39.439,5.5233,16.07,-12.49,0.96351,100,1,58,0,0,0,0,0,0,0,0,0,0,0,0,34258,16123,60290,35301
6285,39.394,10.017,21.3,-20.55,0.96859,100,1,58,0,0,0,0,0,0,0,0,0,0,0,0,34175,16142,56356,20803
6286,39.439,5.5233,16.07,-12.49,0.96351,100,1,58,0,0,0,0,0,0,0,0,0,0,0,0,34259,16123,60290,35301
6287,39.469,5.4403,15.97,-12.49,0.96339,100,1,58,0,0,0,0,0,0,0,0,0,0,0,0,34314,16111,60387,35464
6288,187.83,28.053,173.05,-81.28,0.96415,100,1,263,133,0,0,0,0,0,0,0,0,0,0,0,8459.7,11596,4385.5,5815.9
6289,77.921,11.204,99.9,-56.48,0.95046,100,1,139,0,0,0,0,0,0,0,0,0,0,0,0,10411,8160.6,7169.2,9394.7
6290,26.896,2.7521,31.97,-22.76,0.96029,100,1,49,0,0,0,0,0,0,0,0,0,0,0,0,28768,23642,21763,24924
6291,26.888,2.687,31.96,-22.82,0.96033,100,1,49,0,0,0,0,0,0,0,0,0,0,0,0,28757,23649,21722,24929
6292,15.198,4.1678,22.37,-13.63,0.96641,100,1,32,0,0,0,0,0,0,0,0,0,0,0,0,37845,41840,34934,35727
6293,13.067,1.828,20.37,-15.63,0.9656,100,1,32,0,0,0,0,0,0,0,0,0,0,0,0,33584,48666,34294,36423
6294,13.535,3.7289,22.21,-13.79,0.96901,100,1,32,0,0,0,0,0,0,0,0,0,0,0,0,34435,46984,34407,36296
6295,499.72,119.64,550.49,-227.76,0.97125,100,1,937.1,267.1,0,0,0,0,0,0,0,0,0,0,0,1453.8,2733.6,1475.9,1830.4
6296,491.53,125.88,552.32,-226.54,0.97292,100,1,936.21,266.21,0,0,0,0,0,0,0,0,0,0,0,1430,2822.1,1491.1,1804.3
6297,494.69,107.57,517.9,-225.59,0.97043,100,1,917.09,267.09,0,0,0,0,0,0,0,0,0,0,0,1505.4,2793.9,1549.7,1908.6
6298,487.14,114.98,517.99,-225.66,0.97222,100,1,916.19,266.19,0,0,0,0,0,0,0,0,0,0,0,1482,2878,1577.8,1866.7
6299,553.36,134.83,673.87,-237.7,0.97293,100,1,1308,318,0,0,0,0,0,0,0,0,0,0,0,842.61,2701.7,1179.6,1706.9
6300,553.61,134.74,673.87,-237.7,0.9731,100,1,1308,318,0,0,0,0,0,0,0,0,0,0,0,842.89,2698.9,1179.5,1707.3
6301,16.964,1.6059,5.05,-1.45,0.97157,100,1,35,0,0,0,0,0,0,0,0,0,0,0,0,35256,37483,1.8462e+05,2.0808e+05
6302,16.963,1.6058,5.05,-1.45,0.97158,100,1,35,0,0,0,0,0,0,0,0,0,0,0,0,35254,37486,1.8462e+05,2.0809e+05
6303,16.951,1.6055,5.05,-1.45,0.97165,100,1,35,0,0,0,0,0,0,0,0,0,0,0,0,35231,37512,1.846e+05,2.0811e+05
6304,16.962,1.6139,5.05,-1.45,0.97124,100,1,35,0,0,0,0,0,0,0,0,0,0,0,0,35252,37488,1.8505e+05,2.0754e+05
6305,16.964,1.614,5.05,-1.45,0.97122,100,1,35,0,0,0,0,0,0,0,0,0,0,0,0,35256,37483,1.8506e+05,2.0753e+05
6306,16.964,1.614,5.05,-1.45,0.97122,100,1,35,0,0,0,0,0,0,0,0,0,0,0,0,35256,37483,1.8506e+05,2.0753e+05
6307,10.358,1.8586,10.54,-7.31,0.98551,100,1,20,0,0,0,0,0,0,0,0,0,0,0,0,65946,61391,73246,69353
6308,1045.7,217.47,703.47,-249.56,0.97376,100,1,1330,337,0,0,0,0,0,0,0,0,0,0,0,2236.5,897.26,1308.4,1361.5
6309,1088.1,314.56,712.05,-240.98,0.98737,100,1,1360,367,0,0,0,0,0,0,0,0,0,0,0,2339,881.75,1599.7,1144.6
6310,1086,312.61,712.05,-240.98,0.9872,100,1,1360,367,0,0,0,0,0,0,0,0,0,0,0,2320.6,884.4,1592,1148.6
6311,46.594,1.8048,53.82,-33.81,0.95044,100,1,90,0,0,0,0,0,0,0,0,0,0,0,0,14649,13647,12225,17854
6312,53.018,6.7155,53.63,-33.27,0.96264,100,1,95,0,0,0,0,0,0,0,0,0,0,0,0,15146,11993,13554,15903
6313,56.987,9.4899,53.95,-29.61,0.96057,100,1,102,0,0,0,0,0,0,0,0,0,0,0,0,14126,11158,14302,16263
6314,1.4538,145.13,285.21,-103.18,1.0143,100,1,1.5,1.4,0,0,0,0,0,0,0,0,0,0,0,1.3477e+07,1.1136e+07,4539.2,2560.9
6315,19.105,50.5,109.25,-44.37,0.98304,100,1,240,-240,0,0,0,0,0,0,0,0,0,0,0,2878.6,2454.2,10823,6702.7
6316,15.572,50.959,109.25,-43.24,0.98263,100,1,240,-240,0,0,0,0,0,0,0,0,0,0,0,2833.3,2488.1,10908,6750.5
6317,448.33,188.59,500.95,-160.24,0.97711,100,1,939.03,229.03,0,0,0,0,0,0,0,0,0,0,0,1295.8,2899.6,2035.6,1822.9
6319,456.96,199.77,533.66,-152.72,0.9771,100,1,950.06,240.06,0,0,0,0,0,0,0,0,0,0,0,1289.5,2931.7,1904.4,1804
6320,454.41,203.29,552.85,-153.26,0.97695,100,1,948.06,238.06,0,0,0,0,0,0,0,0,0,0,0,1288.1,2939.1,1819,1783.5
6321,1228,221.7,657.68,-222.98,0.97203,100,1,1503,403,0,0,0,0,0,0,0,0,0,0,0,2312.7,770.71,1458.5,1430
6322,1227.3,222.91,657.68,-222.98,0.96955,100,1,1503,403,0,0,0,0,0,0,0,0,0,0,0,2306.5,771.4,1462.5,1426.1
6323,688.45,-4.0711,390.29,-446.45,0.99243,100,1,1498,398,0,0,0,0,0,0,0,0,0,0,0,785.46,2189.3,1612.4,1437.4
6324,693.72,-15.022,368.81,-446.45,0.99178,100,1,1498,398,0,0,0,0,0,0,0,0,0,0,0,790.61,2150.3,1656.6,1473.9
6325,79.174,36.646,93.6,-50.9,0.98393,100,1,125,8.5,0,0,0,0,0,0,0,0,0,0,0,13876,8997.4,11165,7263.4
6326,79.152,36.632,93.6,-50.9,0.98389,100,1,125,8.5,0,0,0,0,0,0,0,0,0,0,0,13869,9000.2,11162,7264.5
6327,103,22.674,72.7,-2.56,0.96646,100,1,148.2,4.2,0,0,0,0,0,0,0,0,0,0,0,14067,6436.2,12711,25199
6328,0,0,328.92,-51.66,0.975,100,0,685,180,0,0,0,0,0,0,0,0,0,0,0,0,0,0,0
6329,485.63,121.07,359.66,-170.85,0.98744,100,1,610,310,0,0,0,0,0,0,0,0,0,0,0,5112.7,3620.6,2665,2178.3
6330,491.09,84.64,323.14,-212.84,0.9821,100,1,610,310,0,0,0,0,0,0,0,0,0,0,0,5347.5,3511.4,2666.1,2137.6
6332,0,0,380.92,-216.75,0.975,100,0,700,205,0,0,0,0,0,0,0,0,0,0,0,0,0,0,0
6333,29.57,6.4351,17.81,-10.97,0.95417,100,1,50,0,0,0,0,0,0,0,0,0,0,0,0,31125,21504,55900,36535
6334,29.591,6.4369,17.81,-10.97,0.95406,100,1,50,0,0,0,0,0,0,0,0,0,0,0,0,31157,21488,55909,36531
6335,29.568,6.4351,17.81,-10.97,0.95417,100,1,50,0,0,0,0,0,0,0,0,0,0,0,0,31121,21506,55900,36535
6336,29.57,6.4351,17.81,-10.97,0.95417,100,1,50,0,0,0,0,0,0,0,0,0,0,0,0,31124,21504,55900,36535
6337,29.568,6.4351,17.81,-10.97,0.95417,100,1,50,0,0,0,0,0,0,0,0,0,0,0,0,31122,21505,55900,36535
6338,29.57,6.4351,17.81,-10.97,0.95417,100,1,50,0,0,0,0,0,0,0,0,0,0,0,0,31125,21504,55900,36535
6339,671.57,193.04,521.6,-128.95,0.97995,100,1,1000,280,0,0,0,0,0,0,0,0,0,0,0,1936.1,1623.9,1935.3,1974.8
6340,672.27,193.15,521.6,-128.95,0.97995,100,1,1000,280,0,0,0,0,0,0,0,0,0,0,0,1940.2,1621.1,1936,1974.2
6341,673.3,213.37,566.43,-129.84,0.98156,100,1,1000,280,0,0,0,0,0,0,0,0,0,0,0,1946.4,1616.8,1801,1852.7
6342,626.3,202.35,565.46,-149.32,0.98093,100,1,930,280,0,0,0,0,0,0,0,0,0,0,0,2093.7,1836.3,1751.2,1808.2
6343,24.264,5.6881,21.89,-12.76,0.97361,100,1,57,0,0,0,0,0,0,0,0,0,0,0,0,19425,26206,39246,34468
6344,24.203,5.6762,21.89,-12.76,0.97389,100,1,57,0,0,0,0,0,0,0,0,0,0,0,0,19388,26272,39218,34491
6345,0,0,320.29,-95.56,0.975,100,0,451,239,0,0,0,0,0,0,0,0,0,0,0,0,0,0,0
6346,0,0,63.51,-8.25,0.975,100,0,63,21,0,0,0,0,0,0,0,0,0,0,0,0,0,0,0
6347,280.85,111.89,274.22,-164.5,1.0392,100,1,433.8,248.8,0,0,0,0,0,0,0,0,0,0,0,4157.5,19841,3917,2300.7
6348,475.85,137.89,526.72,-151.81,0.97244,100,1,922.95,232.95,0,0,0,0,0,0,0,0,0,0,0,1422.2,2617.9,1635.4,2194.9
6349,475.69,137.58,526.72,-151.81,0.97236,100,1,922.95,232.95,0,0,0,0,0,0,0,0,0,0,0,1421.7,2619.6,1634.1,2197.2
6350,482.1,136.94,527.48,-149.91,0.97208,100,1,929.95,239.95,0,0,0,0,0,0,0,0,0,0,0,1419.8,2626,1628.2,2216.7
6351,495.82,135.78,529.25,-145.79,0.97152,100,1,944.96,254.96,0,0,0,0,0,0,0,0,0,0,0,1415.8,2640,1616.1,2258.3
6352,0,0,10.38,-5.76,0.975,100,0,32,0,0,0,0,0,0,0,0,0,0,0,0,0,0,0,0
6353,592.46,-6.968,407.48,-463.97,0.98549,100,1,1380,340,0,0,0,0,0,0,0,0,0,0,0,807.41,2518.8,1534.3,1391.4
6354,591.71,-4.856,407.48,-463.97,0.98598,100,1,1380,340,0,0,0,0,0,0,0,0,0,0,0,806.65,2526.2,1542.1,1385
6355,15.495,4.6949,22.47,-13.53,0.97495,100,1,31.5,0,0,0,0,0,0,0,0,0,0,0,0,39730,41037,35773,34890
6356,29.36,3.4967,37.34,-22.66,0.95846,100,1,65,0,0,0,0,0,0,0,0,0,0,0,0,17842,21657,18789,24310
6357,34.415,-0.43313,22.34,-21.7,0.96418,100,1,70,0,0,0,0,0,0,0,0,0,0,0,0,17869,18477,27922,29900
6358,31.689,5.969,53.95,-36.05,0.95829,100,1,65,0,0,0,0,0,0,0,0,0,0,0,0,19089,20067,13253,15133
6359,31.745,7.5554,55.38,-34.62,0.95839,100,1,65,0,0,0,0,0,0,0,0,0,0,0,0,19121,20031,13296,15077
6360,31.365,5.9163,39.63,-20.37,0.95872,100,1,70,0,0,0,0,0,0,0,0,0,0,0,0,16459,20273,18861,24190
6361,737.98,36.003,566.82,-494.4,0.99589,100,1,1308,288,0,0,0,0,0,0,0,0,0,0,0,1115.6,1413.1,1197.9,1198.9
6362,736.41,36.04,566.82,-494.4,0.99583,100,1,1308,288,0,0,0,0,0,0,0,0,0,0,0,1112.5,1418.1,1198,1198.8
6363,0,0,10.52,-6.96,0.975,100,0,22,0,0,0,0,0,0,0,0,0,0,0,0,0,0,0,0
6364,0,0,10.52,-6.96,0.975,100,0,22,0,0,0,0,0,0,0,0,0,0,0,0,0,0,0,0
6365,253.55,91.309,286.78,-117.11,0.99651,100,1,458.26,89.26,0,0,0,0,0,0,0,0,0,0,0,3106.2,3870.5,3253,3051
6366,17.229,-0.49776,10.34,-12.56,0.97728,100,1,36,0,0,0,0,0,0,0,0,0,0,0,0,33875,36907,58672,52715
6367,588.41,189.81,525.98,-146.1,0.96925,100,1,947,237,0,0,0,0,0,0,0,0,0,0,0,1773.3,1809.5,1891.5,1893
6368,599.48,190.54,527.89,-146.1,0.97204,100,1,947,267,0,0,0,0,0,0,0,0,0,0,0,1829.8,1912.5,1884.9,1888.9
6369,585.4,189.97,525.98,-146.1,0.97213,100,1,947,237,0,0,0,0,0,0,0,0,0,0,0,1758.5,1825.1,1892.4,1892.1
6370,587.68,189.55,525.98,-146.1,0.96918,100,1,947,237,0,0,0,0,0,0,0,0,0,0,0,1769.7,1813.3,1890,1894.5
6371,585.57,190.05,525.98,-146.1,0.97215,100,1,947,237,0,0,0,0,0,0,0,0,0,0,0,1759.3,1824.2,1892.9,1891.6
6372,584.32,189.27,525.98,-146.1,0.96901,100,1,947,237,0,0,0,0,0,0,0,0,0,0,0,1753.2,1830.8,1888.5,1896
6373,0,0,132.48,-11.56,0.975,100,0,240,125,0,0,0,0,0,0,0,0,0,0,0,0,0,0,0
6374,358.1,48.226,271.84,-127.37,0.96787,100,1,456.8,216.8,0,0,0,0,0,0,0,0,0,0,0,6442.2,4500.4,2843.6,3621.2
6375,207.6,56.199,166.41,-98.9,0.98843,100,1,260,130,0,0,0,0,0,0,0,0,0,0,0,12134,8194.9,5769.5,4099.9
6376,0,0,280.73,-126.32,0.975,100,0,585,250,0,0,0,0,0,0,0,0,0,0,0,0,0,0,0
6377,0,0,287.58,-119.25,0.975,100,0,585,250,0,0,0,0,0,0,0,0,0,0,0,0,0,0,0
6379,31.054,10.871,32.55,-11.76,0.97097,100,1,57,0,0,0,0,0,0,0,0,0,0,0,0,24508,20476,29331,28098
6380,31.098,10.812,32.55,-11.92,0.97086,100,1,57,0,0,0,0,0,0,0,0,0,0,0,0,24549,20448,29252,27973
6381,7.1574,5.1401,20.13,-7.22,0.96555,100,1,31,-15,0,0,0,0,0,0,0,0,0,0,0,26670,28698,42421,51445
6382,15.332,-1.4389,33.89,-21.95,0.95223,100,1,31,0,0,0,0,0,0,0,0,0,0,0,0,40584,41474,17999,31001
6383,10.261,1.7416,7.83,-4.91,0.98189,100,1,19.5,0,0,0,0,0,0,0,0,0,0,0,0,68823,61971,1.0444e+05,95595
6384,10.261,1.7416,7.83,-4.91,0.98189,100,1,19.5,0,0,0,0,0,0,0,0,0,0,0,0,68823,61971,1.0444e+05,95595
6385,0,0,8.32,-7.73,0.975,100,0,21,0,0,0,0,0,0,0,0,0,0,0,0,0,0,0,0
6386,17.812,1.1432,9.05,-7.24,0.96144,100,1,35,0,0,0,0,0,0,0,0,0,0,0,0,36996,35698,80421,75851
6387,17.806,1.1424,9.05,-7.24,0.96162,100,1,35,0,0,0,0,0,0,0,0,0,0,0,0,36983,35711,80412,75859
6388,17.813,1.0794,11.43,-11.73,0.96317,100,1,35,0,0,0,0,0,0,0,0,0,0,0,0,36997,35697,61432,49642
6389,17.813,1.266,9.25,-7.24,0.96143,100,1,35,0,0,0,0,0,0,0,0,0,0,0,0,36997,35698,79642,74757
6390,0,0,112.63,-113.65,0.975,100,0,235,120,0,0,0,0,0,0,0,0,0,0,0,0,0,0,0
6391,24.084,2.5682,10.25,-5.43,0.96974,100,1,47,0,0,0,0,0,0,0,0,0,0,0,0,27748,26402,82778,79501
6392,24.075,2.5684,10.25,-5.43,0.96971,100,1,47,0,0,0,0,0,0,0,0,0,0,0,0,27737,26413,82780,79499
6393,32.063,7.6258,51.92,-31.58,0.9575,100,1,73,0,0,0,0,0,0,0,0,0,0,0,0,15533,19833,14356,16219
6394,30.612,11.101,55.2,-28.49,0.96,100,1,69,0,0,0,0,0,0,0,0,0,0,0,0,16564,20773,14419,16061
6395,33.554,8.9646,51.28,-28.72,0.95915,100,1,76,0,0,0,0,0,0,0,0,0,0,0,0,14980,18951,15027,16873
6396,34.1,8.0612,51.13,-30.12,0.95763,100,1,77.5,0,0,0,0,0,0,0,0,0,0,0,0,14651,18648,14764,16654
6397,15.357,2.9632,14.95,-10.67,0.97574,100,1,31,0,0,0,0,0,0,0,0,0,0,0,0,40651,41404,53048,46641
6398,15.357,2.9631,14.95,-10.67,0.97575,100,1,31,0,0,0,0,0,0,0,0,0,0,0,0,40649,41407,53047,46642
6399,15.357,2.9631,14.95,-10.67,0.97575,100,1,31,0,0,0,0,0,0,0,0,0,0,0,0,40648,41407,53047,46642
6400,21.108,9.4503,31.73,-15.57,0.98985,100,1,50,0,0,0,0,0,0,0,0,0,0,0,0,22009,30125,28541,25414
6401,19.167,3.875,15.94,-8.36,0.96361,100,1,37,0,0,0,0,0,0,0,0,0,0,0,0,35657,33176,52704,51971
6402,19.136,3.8657,15.94,-8.36,0.96396,100,1,37,0,0,0,0,0,0,0,0,0,0,0,0,35594,33230,52664,52011
6403,19.13,3.8665,15.94,-8.36,0.96393,100,1,37,0,0,0,0,0,0,0,0,0,0,0,0,35584,33239,52667,52007
6404,19.13,3.8665,15.94,-8.36,0.96393,100,1,37,0,0,0,0,0,0,0,0,0,0,0,0,35584,33239,52667,52007
6405,157.84,84.157,170.47,-33.56,0.9855,100,1,250,137,0,0,0,0,0,0,0,0,0,0,0,6899.7,30516,7367,5401.8
6406,157.85,84.155,170.47,-33.56,0.98541,100,1,250,137,0,0,0,0,0,0,0,0,0,0,0,6900.7,30496,7366.8,5401.9
6407,9.5064,1.4545,10.62,-7.12,0.9665,100,1,19,0,0,0,0,0,0,0,0,0,0,0,0,66979,66889,69377,74158
6408,9.5028,1.4533,10.62,-7.12,0.96663,100,1,19,0,0,0,0,0,0,0,0,0,0,0,0,66954,66914,69368,74168
6409,66.508,6.4304,25.64,-10.72,0.96,100,1,122,0,0,0,0,0,0,0,0,0,0,0,0,11459,9560.9,33102,37076
6410,331.03,19.669,215.24,-161.26,0.95952,100,1,419.9,201.9,0,0,0,0,0,0,0,0,0,0,0,7154.9,4924.4,3251.4,3514.5
6411,25.468,5.9817,39.82,-19.39,0.96098,100,1,52,0,0,0,0,0,0,0,0,0,0,0,0,23967,24967,18792,25062
6412,25.466,5.9802,39.82,-19.39,0.96099,100,1,52,0,0,0,0,0,0,0,0,0,0,0,0,23965,24969,18791,25064
6413,0,0,104.23,-23.38,0.975,100,0,185,5,0,0,0,0,0,0,0,0,0,0,0,0,0,0,0
6414,0,0,104.23,-23.38,0.975,100,0,185,5,0,0,0,0,0,0,0,0,0,0,0,0,0,0,0
6415,14.789,62.364,195.6,-56.56,0.968,100,1,227,-218,0,0,0,0,0,0,0,0,0,0,0,2996.4,2731.6,4772.6,5346.9
6416,15.346,62.867,195.94,-56.26,0.9682,100,1,227,-218,0,0,0,0,0,0,0,0,0,0,0,3004.3,2725,4778.4,5337.8
6417,14.861,62.724,195.94,-56.26,0.96786,100,1,227,-218,0,0,0,0,0,0,0,0,0,0,0,2997.4,2730.7,4773.3,5344.2
6418,14.849,62.826,196.04,-56.17,0.96781,100,1,227,-218,0,0,0,0,0,0,0,0,0,0,0,2997.3,2730.9,4773.3,5343.6
6419,30.396,24.916,79.87,-54.69,0.9698,100,1,65,0,0,0,0,0,0,0,0,0,0,0,0,18376,20919,11571,7987.8
6420,30.439,24.98,79.87,-54.69,0.96973,100,1,65,0,0,0,0,0,0,0,0,0,0,0,0,18399,20890,11585,7981.4
6421,698.8,111.44,511.82,-146.33,0.97192,100,1,950,237,0,0,0,0,0,0,0,0,0,0,0,2531.4,1376.9,1588.2,2466.8
6422,695.56,116.71,533.7,-146.33,0.97249,100,1,950,237,0,0,0,0,0,0,0,0,0,0,0,2499.1,1386.7,1524.9,2417.4
6423,206.17,11.341,194,-149.75,1.0103,100,1,316,168,0,0,0,0,0,0,0,0,0,0,0,5789.5,16660,3481.2,3947.3
6424,134.05,62.25,179.42,-94.62,0.99988,100,1,191,107,0,0,0,0,0,0,0,0,0,0,0,11165,23509,5426.9,4053.5
6425,0,0,194.29,-148.96,0.975,100,0,304,156,0,0,0,0,0,0,0,0,0,0,0,0,0,0,0
6426,508.46,215.36,671.92,-213.29,0.99025,100,1,1360,289,0,0,0,0,0,0,0,0,0,0,0,746.72,2897.6,1392.7,1483.5
6427,25.442,5.9751,28.9,-24.22,0.9867,100,1,61,0,0,0,0,0,0,0,0,0,0,0,0,17883,24993,27737,21059
6428,25.443,5.9756,28.9,-24.22,0.9867,100,1,61,0,0,0,0,0,0,0,0,0,0,0,0,17884,24991,27738,21059
6429,18.507,8.7156,23.24,-10.1,0.97665,100,1,35,0,0,0,0,0,0,0,0,0,0,0,0,38553,34360,43779,33795
6430,604.53,179.6,706.84,-235.16,0.98284,100,1,1380,350,0,0,0,0,0,0,0,0,0,0,0,819.98,2498.3,1206,1533.1
6431,609.83,184.66,706.84,-235.16,0.98512,100,1,1380,350,0,0,0,0,0,0,0,0,0,0,0,825.63,2447.3,1217.7,1514.6
6432,606.89,176.15,695.83,-235.16,0.98315,100,1,1380,350,0,0,0,0,0,0,0,0,0,0,0,822.48,2475.3,1223.6,1546
6433,603.48,168.27,681.31,-260.69,0.9837,100,1,1290,350,0,0,0,0,0,0,0,0,0,0,0,926.22,2508.6,1239.4,1482.4
6434,25.404,11.794,37.51,-10.49,0.96447,100,1,51,0.8,0,0,0,0,0,0,0,0,0,0,0,24843,25844,24727,28534
6435,686.54,216.42,675.48,-207.21,0.96012,100,1,1380,340,0,0,0,0,0,0,0,0,0,0,0,916.95,1835,1385.2,1501
6436,689.85,217.02,675.48,-207.21,0.9604,100,1,1380,340,0,0,0,0,0,0,0,0,0,0,0,921.35,1817.6,1387,1498.9
6437,0,0,322.12,-100.08,0.975,100,0,585,175,0,0,0,0,0,0,0,0,0,0,0,0,0,0,0
6438,0,0,322.12,-100.08,0.975,100,0,585,175,0,0,0,0,0,0,0,0,0,0,0,0,0,0,0
6439,402.63,56.8,330.12,-92.08,0.96159,100,1,598,188,0,0,0,0,0,0,0,0,0,0,0,3254.6,2962.8,2326.5,4271
6440,0,0,311.95,-109.4,0.975,100,0,585,175,0,0,0,0,0,0,0,0,0,0,0,0,0,0,0
6441,21.616,6.1053,33.11,-20.49,0.97089,100,1,43,0,0,0,0,0,0,0,0,0,0,0,0,29736,29417,23547,23909
6442,21.616,6.1055,33.11,-20.49,0.97089,100,1,43,0,0,0,0,0,0,0,0,0,0,0,0,29736,29416,23547,23909
6443,21.65,6.1605,33.11,-20.49,0.97066,100,1,43,0,0,0,0,0,0,0,0,0,0,0,0,29783,29371,23595,23860
6444,70.567,34.76,42.66,-21.78,0.969,100,1,80,0,0,0,0,0,0,0,0,0,0,0,0,67406,9011.3,80491,11247
6445,124.16,12.638,109.16,-75.85,0.96704,100,1,245,85,0,0,0,0,0,0,0,0,0,0,0,5262.2,16238,6587.9,7186
6446,401.07,62.518,230.47,-115.95,0.96941,100,1,605,295,0,0,0,0,0,0,0,0,0,0,0,3118.1,5995,3786.1,3562.9
6447,29.965,6.7834,24.74,-16.5,0.97777,100,1,56,0,0,0,0,0,0,0,0,0,0,0,0,24423,21221,35412,27310
6448,29.97,6.7822,24.74,-16.5,0.97781,100,1,56,0,0,0,0,0,0,0,0,0,0,0,0,24429,21217,35409,27311
6449,28.79,31.97,61.2,-1.88,0.96586,100,1,58,0,0,0,0,0,0,0,0,0,0,0,0,21769,22086,21755,18785
6450,11.241,3.4629,17.15,-10.85,0.97127,100,1,23.1,0,0,0,0,0,0,0,0,0,0,0,0,53620,56567,46458,44426
6451,11.245,3.4622,17.14,-10.86,0.97105,100,1,23.1,0,0,0,0,0,0,0,0,0,0,0,0,53637,56547,46490,44398
6452,322.94,79.417,184.29,-6.72,0.96395,100,1,439.8,230.8,0,0,0,0,0,0,0,0,0,0,0,5441.6,6900.8,6063.3,7382.1
6453,19.232,1.3931,21.74,-17.31,0.97659,100,1,41,0,0,0,0,0,0,0,0,0,0,0,0,29212,33062,31251,33998
6454,0,0,18.02,-6.63,0.975,100,0,80,-80,0,0,0,0,0,0,0,0,0,0,0,0,0,0,0
6455,0,0,18.02,-6.63,0.975,100,0,80,-80,0,0,0,0,0,0,0,0,0,0,0,0,0,0,0
6456,0,0,18.02,-6.63,0.975,100,0,80,-80,0,0,0,0,0,0,0,0,0,0,0,0,0,0,0
6457,15.996,3.1437,19.57,-10.43,0.95775,100,1,32,0,0,0,0,0,0,0,0,0,0,0,0,39733,39751,38711,46845
6458,0,0,19.57,-10.43,0.975,100,0,32,0,0,0,0,0,0,0,0,0,0,0,0,0,0,0,0
6459,15.989,3.1386,19.57,-10.43,0.95786,100,1,32,0,0,0,0,0,0,0,0,0,0,0,0,39715,39769,38699,46863
6460,0,0,19.57,-10.43,0.975,100,0,32,0,0,0,0,0,0,0,0,0,0,0,0,0,0,0,0
6461,-24.815,20.878,124.73,-79.86,0.97577,100,1,180,-180,0,0,0,0,0,0,0,0,0,0,0,3104.7,4097.5,6122.9,6312.1
6462,-21.431,6.2146,116.01,-89.94,0.97087,100,1,180,-180,0,0,0,0,0,0,0,0,0,0,0,3156.8,4010,5791.5,6613
6463,-24.817,20.866,124.73,-79.86,0.97576,100,1,180,-180,0,0,0,0,0,0,0,0,0,0,0,3104.6,4097.5,6122.2,6312.8
6464,-24.85,20.86,124.73,-79.86,0.97574,100,1,180,-180,0,0,0,0,0,0,0,0,0,0,0,3104.1,4098.4,6121.9,6313.2
6465,16.327,2.0901,27.25,-19.06,0.95679,100,1,32,0,0,0,0,0,0,0,0,0,0,0,0,40570,38947,25274,30065
6466,0,0,27.25,-19.06,0.975,100,0,32,0,0,0,0,0,0,0,0,0,0,0,0,0,0,0,0
6467,14.79,1.739,27.25,-19.72,0.95673,100,1,29,0,0,0,0,0,0,0,0,0,0,0,0,44750,42992,24926,29632
6468,0,0,27.25,-19.06,0.975,100,0,32,0,0,0,0,0,0,0,0,0,0,0,0,0,0,0,0
6469,0,0,27.25,-19.06,0.975,100,0,32,0,0,0,0,0,0,0,0,0,0,0,0,0,0,0,0
6470,21.117,4.6284,14.64,-6.01,0.99487,100,1,44,0,0,0,0,0,0,0,0,0,0,0,0,27788,30112,63514,59771
6471,15.351,5.0449,19.26,-13.38,0.97649,100,1,31,0,0,0,0,0,0,0,0,0,0,0,0,40633,41423,44732,34512
6472,15.36,5.0503,19.26,-13.38,0.9764,100,1,31,0,0,0,0,0,0,0,0,0,0,0,0,40657,41398,44749,34502
6473,19.578,2.4679,27.02,-18.3,0.95613,100,1,38,0,0,0,0,0,0,0,0,0,0,0,0,34518,32478,25899,30618
6474,19.603,2.347,26.96,-18.51,0.95614,100,1,38,0,0,0,0,0,0,0,0,0,0,0,0,34564,32438,25835,30487
6475,19.576,2.3171,26.96,-18.51,0.95638,100,1,38,0,0,0,0,0,0,0,0,0,0,0,0,34514,32482,25804,30531
6476,33.769,3.7793,41.08,-25.63,0.95257,100,1,66,0,0,0,0,0,0,0,0,0,0,0,0,19728,18830,17047,21621
6477,51.846,27.374,54.62,-24.01,0.97775,100,1,84,0,0,0,0,0,0,0,0,0,0,0,0,19775,12265,23338,12375
6478,51.842,27.379,54.62,-24.01,0.97775,100,1,84,0,0,0,0,0,0,0,0,0,0,0,0,19773,12266,23342,12374
6479,0,0,26.24,-3.76,0.975,100,0,33,0,0,0,0,0,0,0,0,0,0,0,0,0,0,0,0
6480,41.325,11.524,51.12,-28.88,0.96363,100,1,81,0,0,0,0,0,0,0,0,0,0,0,0,16027,15387,16059,15738
6481,41.238,11.485,51.12,-28.88,0.96378,100,1,81,0,0,0,0,0,0,0,0,0,0,0,0,15992,15420,16043,15753
6482,41.24,11.485,51.12,-28.88,0.96378,100,1,81,0,0,0,0,0,0,0,0,0,0,0,0,15993,15419,16043,15753
6483,41.262,11.491,51.12,-28.88,0.96376,100,1,81,0,0,0,0,0,0,0,0,0,0,0,0,16002,15411,16046,15751
6484,39.75,9.0575,30.84,-18.18,0.98031,100,1,130,0,0,0,0,0,0,0,0,0,0,0,0,7045.9,15996,29192,23345
6485,616.65,207.89,671.48,-239.66,0.98006,100,1,1332,282,0,0,0,0,0,0,0,0,0,0,0,888.9,1900.1,1371.6,1420.8
6486,632.24,209.21,671.48,-239.66,0.98006,100,1,1332,282,0,0,0,0,0,0,0,0,0,0,0,908.7,1815.5,1375.6,1416.6
6487,162.69,132.83,168.9,14.28,0.99641,100,1,285,150,0,0,0,0,0,0,0,0,0,0,0,5199.1,50110,17628,5364
6488,364.63,97.859,204.97,-97.54,0.98145,100,1,595,225,0,0,0,0,0,0,0,0,0,0,0,2760.3,4554,5936.5,3254.3
6489,233.44,79.252,140.69,-19.3,0.9685,100,1,443,127,0,0,0,0,0,0,0,0,0,0,0,3034.5,5973.6,10350,6452.3
6490,236.39,81.651,144.35,-19.38,0.96891,100,1,443,127,0,0,0,0,0,0,0,0,0,0,0,3077.7,5813,10141,6294
6491,22.781,4.6545,27.73,-24.25,0.9636,100,1,50,0,0,0,0,0,0,0,0,0,0,0,0,23362,27912,27556,21999
6492,22.777,4.6468,27.73,-24.25,0.96363,100,1,50,0,0,0,0,0,0,0,0,0,0,0,0,23358,27917,27547,22005
6493,14.7,4.5176,21.62,-13.24,0.96887,100,1,30,0,0,0,0,0,0,0,0,0,0,0,0,41559,43258,37180,35808
6494,14.7,4.5157,21.62,-13.24,0.96882,100,1,30,0,0,0,0,0,0,0,0,0,0,0,0,41559,43258,37176,35812
6495,23.335,17.904,57.42,-17.85,0.9696,100,1,85,0,0,0,0,0,0,0,0,0,0,0,0,10312,27249,16092,17785
6496,0,0,50.12,-14.95,0.975,100,0,58,55,0,0,0,0,0,0,0,0,0,0,0,0,0,0,0
6497,473.14,135.7,545.1,-149.32,0.96278,100,1,949.89,229.89,0,0,0,0,0,0,0,0,0,0,0,1333.7,2614.1,1553.2,2231
6498,475.73,135.53,545.34,-148.47,0.9627,100,1,952.89,232.89,0,0,0,0,0,0,0,0,0,0,0,1332.6,2618.6,1551.7,2239
6499,22.144,3.348,21.77,-20.2,0.97581,100,1,49,0,0,0,0,0,0,0,0,0,0,0,0,23678,28715,34517,27004
6500,22.182,3.3622,21.77,-20.2,0.97571,100,1,49,0,0,0,0,0,0,0,0,0,0,0,0,23711,28665,34543,26987
6501,22.145,3.3477,21.77,-20.2,0.97581,100,1,49,0,0,0,0,0,0,0,0,0,0,0,0,23678,28713,34516,27004
6502,125.83,87.811,112.39,-47.61,1.0205,100,1,156,0,0,0,0,0,0,0,0,0,0,0,0,21078,5053.5,25870,4695.7
6503,36.622,-3.2407,22.91,-33.96,0.98351,100,1,99,0,0,0,0,0,0,0,0,0,0,0,0,10194,17363,24316,20699
6504,36.654,-3.2346,22.91,-33.96,0.98345,100,1,99,0,0,0,0,0,0,0,0,0,0,0,0,10199,17348,24322,20695
6505,645.88,98.116,405.58,-162.03,0.95551,100,1,985,275,0,0,0,0,0,0,0,0,0,0,0,1875.1,1714.5,2068.1,2444.3
6506,647.77,92.82,400.58,-167.03,0.95651,100,1,985,275,0,0,0,0,0,0,0,0,0,0,0,1885.6,1705.9,2066.1,2447.1
6507,657.53,115.32,400.58,-167.03,0.97172,100,1,985,275,0,0,0,0,0,0,0,0,0,0,0,1941.7,1662.4,2229.1,2252.1
6508,650.77,119.33,400.58,-167.03,0.97287,100,1,985,275,0,0,0,0,0,0,0,0,0,0,0,1902.5,1692.2,2260.9,2220.6
6509,0,0,102.61,-26.72,0.975,100,0,185,72,0,0,0,0,0,0,0,0,0,0,0,0,0,0,0
6510,0,0,102.61,-24.82,0.975,100,0,185,72,0,0,0,0,0,0,0,0,0,0,0,0,0,0,0
6511,0,0,102.61,-24.82,0.975,100,0,185,72,0,0,0,0,0,0,0,0,0,0,0,0,0,0,0
6512,-12.19,19.971,89.4,-50.6,0.94547,100,1,64,-64,0,0,0,0,0,0,0,0,0,0,0,8346,12273,9158.6,9010.5
6513,-12.353,19.557,89.4,-50.6,0.94489,100,1,64,-64,0,0,0,0,0,0,0,0,0,0,0,8328.2,12312,9104.3,9063.6
6514,-12.308,19.644,89.4,-50.6,0.94502,100,1,64,-64,0,0,0,0,0,0,0,0,0,0,0,8333.1,12301,9115.7,9052.4
6515,226.2,-17.921,148.09,-87.36,0.95611,100,1,268,138,0,0,0,0,0,0,0,0,0,0,0,15213,7209.5,3830.4,9157
6516,225.21,-17.048,148.09,-87.36,0.9557,100,1,268,138,0,0,0,0,0,0,0,0,0,0,0,14859,7291.7,3850.7,9043.3
6517,33.09,79.72,97.8,-42.2,0.98546,100,1,180,0,0,0,0,0,0,0,0,0,0,0,0,4328.5,19216,35170,5215.7
6518,80.459,37.637,133.88,-46.12,0.93382,100,1,136,0,0,0,0,0,0,0,0,0,0,0,0,11449,7903,6607,7591.8
6519,75.794,32.231,123.95,-46.05,0.93474,100,1,128,0,0,0,0,0,0,0,0,0,0,0,0,12180,8389.4,6932.9,8122.9
